<?xml version="1.0" encoding="UTF-8" standalone="no"?>
<!DOCTYPE svg PUBLIC "-//W3C//DTD SVG 20010904//EN"
              "http://www.w3.org/TR/2001/REC-SVG-20010904/DTD/svg10.dtd">

<svg xmlns="http://www.w3.org/2000/svg"
     width="6.94444in" height="5.55556in"
     viewBox="0 0 500 400">
  <path id="Unnamed"
        fill="none" stroke="black" stroke-width="1"
        d="M 180.25,115.50
           C 180.08,114.21 207.61,114.28 207.50,115.00
             207.50,115.00 222.00,117.75 222.00,117.75
             223.08,117.30 231.42,122.85 229.25,123.75
             229.25,123.75 230.75,129.25 230.75,129.25
             230.75,129.25 223.25,135.00 223.25,135.00
             223.25,135.00 207.25,141.25 207.25,141.25
             207.25,141.25 186.00,143.75 186.00,143.75
             186.00,143.75 174.50,143.50 174.50,143.50
             174.50,143.50 165.75,141.00 165.75,141.00
             165.75,141.00 161.25,137.50 161.25,137.50
             161.25,137.50 159.00,134.25 159.00,134.25
             159.00,134.25 158.75,130.50 158.75,130.50
             158.75,130.50 160.50,126.25 160.50,126.25
             160.50,126.25 163.50,122.50 163.50,122.50
             163.50,122.50 166.75,119.25 166.75,119.25
             166.75,119.25 171.50,117.50 171.50,117.50
             171.50,117.50 176.25,115.75 176.25,115.75" />
</svg>
