<?xml version="1.0" encoding="UTF-8" standalone="no"?>
<!DOCTYPE svg PUBLIC "-//W3C//DTD SVG 20010904//EN"
              "http://www.w3.org/TR/2001/REC-SVG-20010904/DTD/svg10.dtd">

<svg xmlns="http://www.w3.org/2000/svg"
     width="6.94444in" height="5.55556in"
     viewBox="0 0 500 400">
  <path id="Selection #1"
        fill="none" stroke="black" stroke-width="1"
        d="M 294.00,105.21
           C 307.88,105.17 329.17,109.39 343.00,112.34
             357.79,115.50 373.14,116.92 387.00,123.49
             398.72,129.04 404.17,135.34 412.25,145.00
             414.94,148.22 419.50,153.37 421.24,157.00
             424.97,164.77 427.10,178.39 427.00,187.00
             426.80,204.14 420.05,211.80 407.00,221.63
             398.48,228.04 398.91,228.29 389.00,232.20
             368.64,240.23 367.71,240.12 347.00,244.88
             347.00,244.88 329.00,248.88 329.00,248.88
             329.00,248.88 319.00,248.88 319.00,248.88
             319.00,248.88 303.00,250.09 303.00,250.09
             303.00,250.09 276.00,252.00 276.00,252.00
             276.00,252.00 263.00,252.96 263.00,252.96
             263.00,252.96 238.00,251.00 238.00,251.00
             238.00,251.00 200.00,251.00 200.00,251.00
             190.12,250.98 159.60,245.89 150.00,242.96
             150.00,242.96 137.00,238.00 137.00,238.00
             137.00,238.00 125.00,234.44 125.00,234.44
             125.00,234.44 102.00,223.54 102.00,223.54
             94.38,218.90 87.22,212.09 83.26,204.00
             81.88,201.18 81.41,198.05 80.80,195.00
             78.19,181.96 78.14,177.92 81.37,165.00
             82.19,161.72 82.95,158.04 84.40,155.00
             93.25,136.41 111.67,121.03 131.00,114.09
             156.63,104.89 181.44,106.00 208.00,106.00
             208.00,106.00 238.00,105.21 238.00,105.21
             238.00,105.21 294.00,105.21 294.00,105.21 Z
           M 162.13,121.47
           C 155.87,127.28 156.66,137.39 164.02,142.00
             168.33,144.70 175.90,145.30 181.00,145.68
             190.06,146.36 214.18,141.83 222.00,137.24
             226.52,134.59 232.43,131.15 231.19,125.00
             230.10,119.63 224.65,117.34 220.00,115.70
             212.73,113.13 192.17,113.52 184.00,114.28
             175.79,115.47 168.68,115.39 162.13,121.47 Z
           M 315.00,123.64
           C 313.34,124.84 311.71,126.35 310.51,128.02
             300.26,142.23 325.59,152.88 326.98,164.00
             327.79,170.52 318.15,175.30 315.64,184.00
             314.20,188.98 314.10,195.85 321.00,195.35
             327.57,194.88 340.98,189.94 347.00,187.02
             347.00,187.02 360.00,180.17 360.00,180.17
             364.31,178.29 372.32,175.96 377.00,174.89
             377.00,174.89 394.72,172.40 394.72,172.40
             395.93,171.84 396.58,171.09 397.07,169.85
             400.32,161.73 390.58,151.04 385.00,146.46
             375.47,138.65 368.31,136.07 358.00,130.60
             344.98,123.69 347.84,122.45 331.83,121.09
             327.54,120.73 326.65,119.97 322.00,120.40
             319.21,121.22 317.41,121.90 315.00,123.64 Z
           M 298.26,164.91
           C 302.30,158.90 298.00,148.53 292.96,144.39
             284.98,137.83 269.92,137.59 260.00,136.91
             260.00,136.91 248.00,136.01 248.00,136.01
             242.49,136.14 231.56,138.10 227.04,141.13
             220.92,145.24 217.87,154.45 222.15,160.91
             227.67,169.26 244.44,173.56 254.00,174.00
             244.83,184.57 237.06,170.07 229.02,170.28
             223.35,170.42 222.34,177.54 230.02,180.87
             234.74,182.92 235.87,181.93 240.00,186.00
             240.00,186.00 224.00,181.00 224.00,181.00
             224.26,183.25 224.32,184.85 225.74,186.79
             229.78,192.30 244.40,195.21 251.00,196.13
             253.98,196.54 261.88,198.41 263.34,194.70
             265.98,188.05 253.57,189.49 251.11,188.84
             249.37,188.39 249.27,188.00 248.00,187.00
             248.00,187.00 265.00,188.00 265.00,188.00
             267.95,187.96 275.29,187.34 271.96,182.31
             270.09,179.49 266.72,181.09 264.04,180.48
             260.76,179.74 260.03,177.84 259.00,175.00
             264.08,174.89 270.76,173.08 274.13,178.14
             276.67,181.95 274.11,185.98 277.33,187.64
             279.66,188.85 283.77,186.92 286.00,185.99
             295.28,182.08 299.90,179.41 300.00,169.00
             289.02,171.24 286.33,181.20 281.00,173.00
             287.18,172.70 294.62,170.33 298.26,164.91 Z
           M 96.15,156.01
           C 87.31,162.23 101.22,171.72 104.20,177.01
             108.61,184.86 108.21,189.11 115.04,197.91
             117.58,201.18 119.86,202.53 123.00,205.09
             135.12,214.98 138.80,216.15 153.00,221.99
             158.24,224.15 167.51,227.42 173.00,228.32
             175.14,228.67 180.87,228.19 178.83,224.57
             177.92,222.94 173.75,222.32 172.00,221.85
             166.76,220.43 157.76,217.74 153.00,215.51
             132.17,205.76 123.53,200.84 114.15,179.00
             112.56,175.29 110.99,171.97 110.04,168.00
             108.30,160.75 110.38,153.56 100.00,154.41
             98.45,154.90 97.57,155.00 96.15,156.01 Z
           M 121.73,157.43
           C 119.88,154.23 113.61,154.82 111.74,159.13
             109.27,164.83 115.04,179.65 117.76,185.00
             123.16,195.66 133.88,206.01 145.00,210.65
             145.00,210.65 154.00,213.44 154.00,213.44
             161.53,216.12 159.57,215.87 168.00,217.88
             177.19,220.08 182.70,222.87 192.00,219.00
             191.60,217.31 191.27,215.61 190.44,214.06
             186.01,205.75 179.95,214.26 170.00,211.83
             163.40,210.21 145.38,202.22 140.00,198.37
             136.66,195.98 130.14,189.26 127.46,186.00
             122.22,179.60 117.25,173.27 121.00,165.00
             121.01,167.69 120.89,170.39 121.63,173.00
             127.55,193.83 156.85,211.18 178.00,209.96
             180.84,209.79 186.18,208.32 182.58,204.63
             178.98,200.95 171.70,202.47 167.00,201.68
             161.35,200.73 152.71,195.74 148.00,192.43
             143.79,189.48 132.39,178.50 130.86,174.00
             129.17,169.62 133.24,165.95 130.86,162.43
             128.02,157.89 123.53,161.42 121.00,164.00
             121.80,161.96 122.98,159.58 121.73,157.43 Z
           M 152.10,176.67
           C 158.84,182.84 169.31,184.07 178.00,182.38
             187.68,180.50 192.96,170.96 184.81,163.68
             177.68,157.30 165.26,155.13 156.00,156.39
             145.47,159.80 144.27,169.51 152.10,176.67 Z
           M 254.98,205.88
           C 258.09,205.60 261.87,202.83 258.40,200.01
             256.73,198.66 248.57,198.03 246.00,197.54
             239.18,196.23 232.82,193.34 227.04,189.54
             223.24,187.04 219.59,182.80 217.13,179.00
             215.86,177.05 214.22,173.02 211.87,172.34
             208.57,171.37 206.48,175.33 206.16,178.00
             204.70,190.48 221.35,192.00 226.00,200.00
             219.61,198.13 219.34,196.59 216.00,195.33
             210.92,193.41 209.16,197.78 212.43,201.82
             216.16,206.41 233.86,215.84 239.58,211.98
             241.21,210.88 241.38,209.67 242.00,208.00
             242.00,208.00 237.00,203.00 237.00,203.00
             237.00,203.00 254.98,205.88 254.98,205.88 Z
           M 91.73,183.34
           C 94.58,182.31 97.09,175.65 90.09,174.66
             83.04,177.33 87.12,185.02 91.73,183.34 Z
           M 106.26,185.00
           C 103.72,179.79 104.12,176.07 98.00,175.00
             98.16,181.99 103.81,198.82 111.17,201.08
             112.81,201.67 113.50,201.26 115.00,201.08
             115.00,201.08 106.26,185.00 106.26,185.00 Z
           M 302.98,194.56
           C 306.23,192.38 308.72,190.23 308.84,186.02
             308.88,184.22 308.31,181.62 306.04,181.61
             302.77,181.58 301.94,186.67 294.99,191.48
             289.19,195.49 283.88,197.45 277.00,198.74
             274.55,199.20 265.73,200.07 264.31,201.02
             261.91,202.63 262.09,205.46 262.00,208.00
             262.00,208.00 285.00,205.00 285.00,205.00
             285.00,205.00 285.00,207.00 285.00,207.00
             281.79,208.07 274.77,209.97 273.40,213.31
             271.25,218.56 279.34,217.89 282.00,217.33
             289.95,215.65 306.45,207.96 309.12,200.00
             310.09,197.61 309.59,196.29 309.12,194.00
             309.12,194.00 293.00,204.00 293.00,204.00
             293.00,204.00 292.00,203.00 292.00,203.00
             296.39,198.10 297.88,197.99 302.98,194.56 Z
           M 281.00,189.78
           C 275.08,191.62 271.61,190.53 269.15,191.60
             266.50,192.75 266.42,194.51 266.00,196.89
             266.00,196.89 278.00,196.89 278.00,196.89
             285.03,195.72 296.78,188.60 301.00,183.00
             293.71,181.61 287.78,187.67 281.00,189.78 Z
           M 358.00,203.69
           C 352.11,206.93 343.67,209.75 339.10,214.18
             329.37,223.63 337.65,233.04 349.00,232.74
             355.56,232.56 363.25,228.89 369.00,225.98
             380.20,220.29 387.61,216.66 396.94,207.71
             399.66,205.11 400.53,203.70 401.22,200.00
             402.84,191.31 396.36,188.89 389.00,188.46
             378.17,189.47 367.44,198.50 358.00,203.69 Z
           M 105.00,206.99
           C 112.53,215.09 124.44,226.35 136.00,227.00
             136.00,227.00 131.00,220.00 131.00,220.00
             138.59,225.36 145.10,228.14 154.00,230.82
             156.10,231.45 162.62,232.75 161.26,228.22
             160.40,225.36 151.79,223.27 149.00,222.19
             142.18,219.55 135.94,216.21 130.04,211.86
             124.24,207.58 122.30,204.15 115.00,202.00
             117.01,210.46 119.99,211.26 126.00,217.00
             126.00,217.00 111.17,204.00 111.17,204.00
             111.17,204.00 99.00,191.00 99.00,191.00
             96.54,197.41 100.83,202.50 105.00,206.99 Z
           M 248.06,216.26
           C 251.69,217.80 261.06,218.09 264.96,216.94
             267.34,216.24 271.20,213.59 268.22,210.99
             266.89,209.83 263.69,210.01 262.00,210.00
             262.00,210.00 247.15,208.90 247.15,208.90
             243.19,211.17 244.09,214.58 248.06,216.26 Z
           M 183.17,226.57
           C 180.79,230.83 190.44,232.86 194.98,231.69
             200.28,230.31 202.96,221.91 194.00,222.40
             191.99,222.91 184.06,224.96 183.17,226.57 Z
           M 264.43,226.84
           C 259.72,230.86 262.01,241.62 275.00,241.98
             278.11,242.07 282.19,242.22 284.77,240.26
             290.04,236.28 287.84,228.95 282.96,225.74
             279.52,223.47 274.89,223.90 271.00,224.32
             268.77,224.83 266.23,225.31 264.43,226.84 Z
           M 161.00,236.76
           C 165.29,243.24 170.06,233.43 162.94,233.46
             162.94,233.46 160.00,234.00 160.00,234.00
             160.31,234.99 160.27,235.66 161.00,236.76 Z" />
</svg>
