<?xml version="1.0" encoding="UTF-8" standalone="no"?>
<!DOCTYPE svg PUBLIC "-//W3C//DTD SVG 20010904//EN"
              "http://www.w3.org/TR/2001/REC-SVG-20010904/DTD/svg10.dtd">

<svg xmlns="http://www.w3.org/2000/svg"
     width="6.94444in" height="5.55556in"
     viewBox="0 0 500 400">
  <path id="Path4 copy"
        fill="none" stroke="black" stroke-width="1"
        d="M 266.00,201.00
           C 266.00,201.00 270.50,199.75 270.50,199.75
             270.50,199.75 275.25,199.75 275.25,199.75
             275.25,199.75 280.00,198.50 280.00,198.50
             280.00,198.50 284.75,198.25 284.75,198.25
             284.75,198.25 289.00,195.50 289.00,195.50
             289.00,195.50 294.25,193.00 294.25,193.00
             294.25,193.00 297.50,190.75 297.50,190.75
             297.50,190.75 301.00,187.75 301.00,187.75
             301.00,187.75 303.00,185.25 303.00,185.25
             303.00,185.25 304.50,181.25 304.50,181.25
             304.50,181.25 307.50,181.50 307.50,181.50
             307.50,181.50 308.75,183.00 308.75,183.00
             308.75,183.00 308.75,185.50 308.75,185.50
             308.75,185.50 308.75,187.75 308.75,187.75
             308.75,187.75 307.50,190.00 307.50,190.00
             307.50,190.00 305.00,191.50 305.00,191.50
             305.00,191.50 302.50,193.75 302.50,193.75
             302.50,193.75 300.00,195.50 300.00,195.50
             300.00,195.50 296.75,197.50 296.75,197.50
             296.75,197.50 294.25,199.75 294.25,199.75
             294.25,199.75 291.75,201.50 291.75,201.50
             291.75,201.50 292.25,204.00 292.25,204.00
             292.25,204.00 295.25,204.50 295.25,204.50
             295.25,204.50 297.75,202.50 297.75,202.50
             297.75,202.50 301.50,199.50 301.50,199.50
             301.50,199.50 304.75,196.00 304.75,196.00
             304.75,196.00 307.00,194.25 307.00,194.25
             307.00,194.25 309.50,194.75 309.50,194.75
             309.50,194.75 310.75,197.25 310.75,197.25
             310.75,197.25 309.50,199.25 309.50,199.25
             309.50,199.25 307.25,203.00 307.25,203.00
             307.25,203.00 303.00,207.00 303.00,207.00
             303.00,207.00 298.50,209.75 298.50,209.75
             298.50,209.75 293.50,212.25 293.50,212.25
             293.50,212.25 286.75,215.75 286.75,215.75
             286.75,215.75 282.50,217.50 282.50,217.50
             282.50,217.50 279.25,218.50 279.25,218.50
             279.25,218.50 276.25,217.50 276.25,217.50
             276.25,217.50 273.75,216.25 273.75,216.25
             273.75,216.25 273.75,213.75 273.75,213.75
             273.75,213.75 275.75,212.00 275.75,212.00
             275.75,212.00 278.50,210.50 278.50,210.50
             278.50,210.50 282.00,208.75 282.00,208.75
             282.00,208.75 285.25,207.50 285.25,207.50
             285.25,207.50 285.25,205.50 285.25,205.50
             285.25,205.50 284.25,204.00 284.25,204.00
             284.25,204.00 281.75,203.50 281.75,203.50
             281.75,203.50 278.50,204.00 278.50,204.00
             278.50,204.00 275.00,205.50 275.00,205.50
             275.00,205.50 270.75,207.00 270.75,207.00
             270.75,207.00 266.50,207.50 266.50,207.50
             266.50,207.50 263.50,207.25 263.50,207.25
             263.50,207.25 262.25,204.25 262.25,204.25
             262.25,204.25 263.50,202.00 263.50,202.00Z M 270.75,191.50
           C 270.75,191.50 275.00,191.25 275.00,191.25
             275.00,191.25 279.25,190.75 279.25,190.75
             279.25,190.75 282.50,189.50 282.50,189.50
             282.50,189.50 287.50,187.50 287.50,187.50
             287.50,187.50 291.25,185.25 291.25,185.25
             291.25,185.25 295.00,182.75 295.00,182.75
             295.00,182.75 298.25,182.75 298.25,182.75
             298.25,182.75 300.25,183.50 300.25,183.50
             300.25,183.50 298.50,185.75 298.50,185.75
             298.50,185.75 295.50,188.50 295.50,188.50
             295.50,188.50 292.25,190.50 292.25,190.50
             292.25,190.50 286.50,193.75 286.50,193.75
             286.50,193.75 280.50,196.25 280.50,196.25
             280.50,196.25 276.50,197.00 276.50,197.00
             276.50,197.00 271.25,197.00 271.25,197.00
             271.25,197.00 267.50,196.50 267.50,196.50
             267.50,196.50 266.00,194.50 266.00,194.50
             266.00,194.50 267.00,191.50 267.00,191.50Z M 249.50,209.50
           C 249.50,209.50 253.75,209.50 253.75,209.50
             253.75,209.50 257.00,210.00 257.00,210.00
             257.00,210.00 260.50,210.00 260.50,210.00
             260.50,210.00 264.50,210.25 264.50,210.25
             264.50,210.25 268.00,210.50 268.00,210.50
             268.00,210.50 269.25,211.75 269.25,211.75
             269.25,211.75 269.75,213.50 269.75,213.50
             269.75,213.50 269.25,215.00 269.25,215.00
             269.25,215.00 266.50,216.50 266.50,216.50
             266.50,216.50 259.25,217.00 259.25,217.00
             259.25,217.00 251.50,217.00 251.50,217.00
             251.50,217.00 248.25,216.25 248.25,216.25
             248.25,216.25 245.50,215.00 245.50,215.00
             245.50,215.00 244.75,213.00 244.75,213.00
             244.75,213.00 244.75,211.25 244.75,211.25
             244.75,211.25 246.50,208.75 246.50,208.75Z M 223.50,208.00
           C 223.50,208.00 219.50,205.25 219.50,205.25
             219.50,205.25 214.50,202.25 214.50,202.25
             214.50,202.25 210.75,198.75 210.75,198.75
             210.75,198.75 210.75,196.00 210.75,196.00
             210.75,196.00 213.75,195.00 213.75,195.00
             213.75,195.00 216.50,196.00 216.50,196.00
             216.50,196.00 218.75,198.00 218.75,198.00
             218.75,198.00 221.00,199.75 221.00,199.75
             221.00,199.75 223.75,201.25 223.75,201.25
             223.75,201.25 226.50,201.00 226.50,201.00
             226.50,201.00 227.00,198.75 227.00,198.75
             227.00,198.75 225.00,196.25 225.00,196.25
             225.00,196.25 221.50,194.25 221.50,194.25
             221.50,194.25 218.75,192.25 218.75,192.25
             218.75,192.25 214.50,189.75 214.50,189.75
             214.50,189.75 210.25,186.50 210.25,186.50
             210.25,186.50 207.75,183.00 207.75,183.00
             207.75,183.00 206.25,178.75 206.25,178.75
             206.25,178.75 206.25,175.25 206.25,175.25
             206.25,175.25 208.50,173.00 208.50,173.00
             208.50,173.00 211.75,172.00 211.75,172.00
             211.75,172.00 213.75,173.50 213.75,173.50
             213.75,173.50 215.25,176.00 215.25,176.00
             215.25,176.00 215.75,178.25 215.75,178.25
             215.75,178.25 217.75,181.50 217.75,181.50
             217.75,181.50 220.50,184.75 220.50,184.75
             220.50,184.75 224.50,188.25 224.50,188.25
             224.50,188.25 228.25,191.25 228.25,191.25
             228.25,191.25 232.50,193.50 232.50,193.50
             232.50,193.50 236.75,195.50 236.75,195.50
             236.75,195.50 243.00,197.25 243.00,197.25
             243.00,197.25 247.75,198.00 247.75,198.00
             247.75,198.00 252.25,198.00 252.25,198.00
             252.25,198.00 256.00,199.00 256.00,199.00
             256.00,199.00 259.25,200.75 259.25,200.75
             259.25,200.75 260.00,203.75 260.00,203.75
             260.00,203.75 258.00,205.50 258.00,205.50
             258.00,205.50 254.50,205.75 254.50,205.75
             254.50,205.75 250.50,205.00 250.50,205.00
             250.50,205.00 245.75,203.50 245.75,203.50
             245.75,203.50 242.75,202.25 242.75,202.25
             242.75,202.25 238.50,202.50 238.50,202.50
             238.50,202.50 236.25,203.00 236.25,203.00
             236.25,203.00 235.75,205.50 235.75,205.50
             235.75,205.50 237.75,206.25 237.75,206.25
             237.75,206.25 240.50,207.25 240.50,207.25
             240.50,207.25 242.00,209.75 242.00,209.75
             242.00,209.75 239.75,212.25 239.75,212.25
             239.75,212.25 236.25,212.50 236.25,212.50
             236.25,212.50 232.75,212.25 232.75,212.25
             232.75,212.25 227.25,210.00 227.25,210.00Z M 275.25,173.50
           C 275.25,173.50 279.00,172.75 279.00,172.75
             279.00,172.75 280.75,175.00 280.75,175.00
             280.75,175.00 282.00,177.00 282.00,177.00
             282.00,177.00 284.25,178.50 284.25,178.50
             284.25,178.50 287.25,177.25 287.25,177.25
             287.25,177.25 290.00,174.75 290.00,174.75
             290.00,174.75 293.75,172.50 293.75,172.50
             293.75,172.50 297.25,170.25 297.25,170.25
             297.25,170.25 300.25,171.25 300.25,171.25
             300.25,171.25 300.25,173.50 300.25,173.50
             300.25,173.50 299.00,175.50 299.00,175.50
             299.00,175.50 297.75,177.50 297.75,177.50
             297.75,177.50 295.50,179.50 295.50,179.50
             295.50,179.50 292.75,181.50 292.75,181.50
             292.75,181.50 290.00,183.00 290.00,183.00
             290.00,183.00 287.75,184.25 287.75,184.25
             287.75,184.25 285.00,185.75 285.00,185.75
             285.00,185.75 282.25,186.75 282.25,186.75
             282.25,186.75 279.00,187.25 279.00,187.25
             279.00,187.25 275.75,187.25 275.75,187.25
             275.75,187.25 275.75,184.75 275.75,184.75
             275.75,184.75 277.25,182.50 277.25,182.50
             277.25,182.50 276.50,179.75 276.50,179.75
             276.50,179.75 275.00,177.25 275.00,177.25
             275.00,177.25 273.25,174.25 273.25,174.25
             273.25,174.25 271.00,173.00 271.00,173.00
             271.00,173.00 268.00,173.25 268.00,173.25
             268.00,173.25 265.00,173.25 265.00,173.25
             265.00,173.25 261.75,173.25 261.75,173.25
             261.75,173.25 259.25,173.25 259.25,173.25
             259.25,173.25 258.50,175.50 258.50,175.50
             258.50,175.50 258.75,177.50 258.75,177.50
             258.75,177.50 259.00,179.50 259.00,179.50
             259.00,179.50 260.75,181.00 260.75,181.00
             260.75,181.00 262.75,181.00 262.75,181.00
             262.75,181.00 265.00,181.25 265.00,181.25
             265.00,181.25 266.75,180.75 266.75,180.75
             266.75,180.75 269.50,181.00 269.50,181.00
             269.50,181.00 271.50,181.50 271.50,181.50
             271.50,181.50 272.25,184.00 272.25,184.00
             272.25,184.00 272.00,185.75 272.00,185.75
             272.00,185.75 270.25,187.00 270.25,187.00
             270.25,187.00 267.00,187.25 267.00,187.25
             267.00,187.25 264.00,187.50 264.00,187.50
             264.00,187.50 260.50,187.50 260.50,187.50
             260.50,187.50 257.00,187.00 257.00,187.00
             257.00,187.00 253.50,187.25 253.50,187.25
             253.50,187.25 250.00,186.75 250.00,186.75
             250.00,186.75 247.50,187.50 247.50,187.50
             247.50,187.50 247.75,189.25 247.75,189.25
             247.75,189.25 250.00,189.75 250.00,189.75
             250.00,189.75 252.75,190.00 252.75,190.00
             252.75,190.00 255.50,190.00 255.50,190.00
             255.50,190.00 258.50,190.00 258.50,190.00
             258.50,190.00 260.75,190.50 260.75,190.50
             260.75,190.50 263.25,191.75 263.25,191.75
             263.25,191.75 264.00,193.25 264.00,193.25
             264.00,193.25 264.00,195.00 264.00,195.00
             264.00,195.00 262.25,196.00 262.25,196.00
             262.25,196.00 258.75,196.50 258.75,196.50
             258.75,196.50 254.75,196.50 254.75,196.50
             254.75,196.50 251.25,195.00 251.25,195.00
             251.25,195.00 247.00,195.00 247.00,195.00
             247.00,195.00 243.25,194.00 243.25,194.00
             243.25,194.00 239.00,192.25 239.00,192.25
             239.00,192.25 234.50,191.25 234.50,191.25
             234.50,191.25 230.25,189.50 230.25,189.50
             230.25,189.50 226.75,187.25 226.75,187.25
             226.75,187.25 225.50,184.75 225.50,184.75
             225.50,184.75 227.75,182.50 227.75,182.50
             227.75,182.50 231.00,183.50 231.00,183.50
             231.00,183.50 233.50,184.00 233.50,184.00
             233.50,184.00 236.75,185.75 236.75,185.75
             236.75,185.75 239.75,185.75 239.75,185.75
             239.75,185.75 240.50,183.25 240.50,183.25
             240.50,183.25 237.50,182.25 237.50,182.25
             237.50,182.25 234.25,181.00 234.25,181.00
             234.25,181.00 231.00,180.50 231.00,180.50
             231.00,180.50 228.50,179.00 228.50,179.00
             228.50,179.00 226.25,177.50 226.25,177.50
             226.25,177.50 225.00,174.75 225.00,174.75
             225.00,174.75 224.75,171.75 224.75,171.75
             224.75,171.75 226.75,170.00 226.75,170.00
             226.75,170.00 229.75,171.00 229.75,171.00
             229.75,171.00 232.50,172.00 232.50,172.00
             232.50,172.00 234.75,173.50 234.75,173.50
             234.75,173.50 237.25,175.00 237.25,175.00
             237.25,175.00 239.50,176.00 239.50,176.00
             239.50,176.00 242.00,178.00 242.00,178.00
             242.00,178.00 244.00,179.00 244.00,179.00
             244.00,179.00 247.00,179.25 247.00,179.25
             247.00,179.25 250.00,179.50 250.00,179.50
             250.00,179.50 252.50,179.25 252.50,179.25
             252.50,179.25 253.75,176.50 253.75,176.50
             253.75,176.50 253.75,173.50 253.75,173.50
             253.75,173.50 256.50,173.50 256.50,173.50Z M 367.25,172.75Z " />
</svg>
