<?xml version="1.0" encoding="UTF-8" standalone="no"?>
<!DOCTYPE svg PUBLIC "-//W3C//DTD SVG 20010904//EN"
              "http://www.w3.org/TR/2001/REC-SVG-20010904/DTD/svg10.dtd">

<svg xmlns="http://www.w3.org/2000/svg"
     width="6.94444in" height="5.55556in"
     viewBox="0 0 500 400">
  <path id="Selection #1"
        fill="none" stroke="black" stroke-width="1"
        d="M 136.90,2.00
           C 182.42,2.00 234.44,2.00 284.60,2.00
             307.94,2.00 330.87,2.00 352.56,2.00
             435.31,2.00 500.00,2.00 500.00,2.00
             500.00,2.00 500.00,37.28 500.00,86.83
             500.00,115.44 500.00,148.81 500.00,182.89
             500.00,227.73 500.00,273.81 500.00,311.92
             500.00,363.17 500.00,400.00 500.00,400.00
             500.00,400.00 262.00,400.00 262.00,400.00
             262.00,400.00 143.00,400.00 143.00,400.00
             143.00,400.00 128.00,399.00 128.00,399.00
             128.00,399.00 1.00,399.00 1.00,399.00
             1.00,399.00 1.00,301.00 1.00,301.00
             1.00,301.00 2.00,286.00 2.00,286.00
             2.00,286.00 2.00,222.87 2.00,156.14
             2.00,81.33 2.00,2.00 2.00,2.00
             2.00,2.00 60.25,2.00 136.90,2.00 Z
           M 164.00,95.17
           C 164.00,95.17 142.00,98.53 142.00,98.53
             142.00,98.53 130.00,102.48 130.00,102.48
             123.06,103.97 120.99,101.08 106.00,109.31
             79.61,123.80 65.35,151.37 65.00,181.00
             64.77,201.21 76.18,220.66 92.00,232.76
             107.24,244.42 116.57,246.88 134.00,252.67
             142.73,255.57 158.15,260.16 167.00,261.56
             167.00,261.56 187.00,263.17 187.00,263.17
             187.00,263.17 215.00,265.09 215.00,265.09
             215.00,265.09 227.00,266.00 227.00,266.00
             227.00,266.00 259.00,266.00 259.00,266.00
             259.00,266.00 274.00,265.00 274.00,265.00
             274.00,265.00 294.00,265.00 294.00,265.00
             294.00,265.00 311.00,264.00 311.00,264.00
             311.00,264.00 322.00,264.00 322.00,264.00
             332.19,263.98 342.09,261.35 352.00,259.21
             372.94,254.69 390.21,250.75 409.00,239.55
             418.44,233.92 429.67,222.85 434.62,213.00
             448.68,185.07 435.30,147.72 413.00,128.29
             388.20,106.68 353.99,99.48 322.00,96.92
             322.00,96.92 299.00,95.00 299.00,95.00
             299.00,95.00 277.00,95.00 277.00,95.00
             277.00,95.00 262.00,94.00 262.00,94.00
             262.00,94.00 229.00,94.00 229.00,94.00
             229.00,94.00 199.00,93.28 199.00,93.28
             199.00,93.28 164.00,95.17 164.00,95.17 Z" />
</svg>
