<?xml version="1.0" encoding="UTF-8" standalone="no"?>
<!DOCTYPE svg PUBLIC "-//W3C//DTD SVG 20010904//EN"
              "http://www.w3.org/TR/2001/REC-SVG-20010904/DTD/svg10.dtd">

<svg xmlns="http://www.w3.org/2000/svg"
     width="6.94444in" height="5.55556in"
     viewBox="0 0 500 400">
  <path id="Path12"
        fill="none" stroke="black" stroke-width="1"
        d="M 162.50,233.75
           C 162.50,233.75 165.50,232.75 165.50,232.75
             165.50,232.75 167.25,234.75 167.25,234.75
             167.25,234.75 167.50,237.25 167.50,237.25
             167.50,237.25 166.75,238.75 166.75,238.75
             166.75,238.75 164.00,239.00 164.00,239.00
             164.00,239.00 162.00,238.75 162.00,238.75
             162.00,238.75 160.50,236.50 160.50,236.50Z M 184.25,224.75
           C 184.25,224.75 187.50,224.00 187.50,224.00
             187.50,224.00 191.00,223.25 191.00,223.25
             191.00,223.25 193.75,222.25 193.75,222.25
             193.75,222.25 196.75,221.25 196.75,221.25
             196.75,221.25 199.50,222.00 199.50,222.00
             199.50,222.00 201.25,223.25 201.25,223.25
             201.25,223.25 201.75,225.75 201.75,225.75
             201.75,225.75 200.75,228.25 200.75,228.25
             200.75,228.25 197.50,231.50 197.50,231.50
             197.50,231.50 192.25,232.25 192.25,232.25
             192.25,232.25 187.50,232.25 187.50,232.25
             187.50,232.25 183.50,230.50 183.50,230.50
             183.50,230.50 182.00,228.75 182.00,228.75
             182.00,228.75 182.00,226.50 182.00,226.50Z M 89.75,174.50
           C 89.75,174.50 92.75,174.00 92.75,174.00
             92.75,174.00 94.25,177.25 94.25,177.25
             94.25,177.25 94.25,180.50 94.25,180.50
             94.25,180.50 93.50,183.00 93.50,183.00
             93.50,183.00 91.00,184.75 91.00,184.75
             91.00,184.75 87.75,183.75 87.75,183.75
             87.75,183.75 85.75,182.25 85.75,182.25
             85.75,182.25 85.50,178.00 85.50,178.00
             85.50,178.00 86.50,175.75 86.50,175.75Z M 100.25,192.00
           C 100.25,192.00 103.50,194.25 103.50,194.25
             103.50,194.25 105.25,197.25 105.25,197.25
             105.25,197.25 108.00,202.00 108.00,202.00
             108.00,202.00 113.75,207.25 113.75,207.25
             113.75,207.25 118.50,212.00 118.50,212.00
             118.50,212.00 123.50,215.50 123.50,215.50
             123.50,215.50 128.50,219.00 128.50,219.00
             128.50,219.00 132.25,221.75 132.25,221.75
             132.25,221.75 135.00,224.00 135.00,224.00
             135.00,224.00 135.75,226.25 135.75,226.25
             135.75,226.25 133.50,227.00 133.50,227.00
             133.50,227.00 130.00,226.50 130.00,226.50
             130.00,226.50 124.00,222.25 124.00,222.25
             124.00,222.25 119.00,218.75 119.00,218.75
             119.00,218.75 113.75,214.50 113.75,214.50
             113.75,214.50 108.75,209.00 108.75,209.00
             108.75,209.00 104.25,204.50 104.25,204.50
             104.25,204.50 100.00,199.75 100.00,199.75
             100.00,199.75 98.75,195.75 98.75,195.75Z M 117.00,202.00
           C 117.00,202.00 121.25,204.25 121.25,204.25
             121.25,204.25 124.50,206.75 124.50,206.75
             124.50,206.75 128.00,210.50 128.00,210.50
             128.00,210.50 132.00,214.25 132.00,214.25
             132.00,214.25 137.00,217.50 137.00,217.50
             137.00,217.50 142.25,219.50 142.25,219.50
             142.25,219.50 147.50,222.00 147.50,222.00
             147.50,222.00 154.25,225.00 154.25,225.00
             154.25,225.00 161.00,226.75 161.00,226.75
             161.00,226.75 161.75,230.25 161.75,230.25
             161.75,230.25 160.75,231.75 160.75,231.75
             160.75,231.75 158.50,232.25 158.50,232.25
             158.50,232.25 156.00,232.00 156.00,232.00
             156.00,232.00 152.50,230.00 152.50,230.00
             152.50,230.00 149.00,228.50 149.00,228.50
             149.00,228.50 145.50,227.00 145.50,227.00
             145.50,227.00 140.75,225.75 140.75,225.75
             140.75,225.75 137.00,223.25 137.00,223.25
             137.00,223.25 133.25,221.00 133.25,221.00
             133.25,221.00 129.75,218.25 129.75,218.25
             129.75,218.25 126.25,216.00 126.25,216.00
             126.25,216.00 121.75,212.00 121.75,212.00
             121.75,212.00 117.75,208.25 117.75,208.25
             117.75,208.25 116.25,205.50 116.25,205.50Z M 102.50,176.50
           C 102.50,176.50 104.00,180.00 104.00,180.00
             104.00,180.00 105.00,183.75 105.00,183.75
             105.00,183.75 107.00,188.00 107.00,188.00
             107.00,188.00 109.25,191.25 109.25,191.25
             109.25,191.25 111.50,194.50 111.50,194.50
             111.50,194.50 114.00,197.50 114.00,197.50
             114.00,197.50 115.00,200.25 115.00,200.25
             115.00,200.25 114.00,201.75 114.00,201.75
             114.00,201.75 110.50,201.00 110.50,201.00
             110.50,201.00 107.50,197.75 107.50,197.75
             107.50,197.75 105.25,194.75 105.25,194.75
             105.25,194.75 102.50,190.00 102.50,190.00
             102.50,190.00 100.50,186.50 100.50,186.50
             100.50,186.50 98.25,182.00 98.25,182.00
             98.25,182.00 98.25,177.25 98.25,177.25
             98.25,177.25 98.50,175.50 98.50,175.50
             98.50,175.50 100.50,175.25 100.50,175.25Z M 109.50,168.50
           C 109.50,168.50 109.25,165.25 109.25,165.25
             109.25,165.25 109.25,161.50 109.25,161.50
             109.25,161.50 109.25,158.25 109.25,158.25
             109.25,158.25 106.50,155.25 106.50,155.25
             106.50,155.25 103.00,154.25 103.00,154.25
             103.00,154.25 98.50,154.50 98.50,154.50
             98.50,154.50 95.25,158.00 95.25,158.00
             95.25,158.00 93.75,161.00 93.75,161.00
             93.75,161.00 93.75,164.25 93.75,164.25
             93.75,164.25 95.50,167.50 95.50,167.50
             95.50,167.50 98.50,169.50 98.50,169.50
             98.50,169.50 101.75,171.75 101.75,171.75
             101.75,171.75 104.25,174.75 104.25,174.75
             104.25,174.75 106.25,179.50 106.25,179.50
             106.25,179.50 107.50,183.75 107.50,183.75
             107.50,183.75 110.00,188.50 110.00,188.50
             110.00,188.50 112.25,192.50 112.25,192.50
             112.25,192.50 114.50,196.25 114.50,196.25
             114.50,196.25 117.75,200.75 117.75,200.75
             117.75,200.75 122.75,203.50 122.75,203.50
             122.75,203.50 126.25,207.00 126.25,207.00
             126.25,207.00 130.00,210.25 130.00,210.25
             130.00,210.25 135.00,213.50 135.00,213.50
             135.00,213.50 141.25,216.75 141.25,216.75
             141.25,216.75 147.75,220.00 147.75,220.00
             147.75,220.00 154.25,222.75 154.25,222.75
             154.25,222.75 160.75,225.00 160.75,225.00
             160.75,225.00 165.75,226.00 165.75,226.00
             165.75,226.00 170.75,227.75 170.75,227.75
             170.75,227.75 176.25,229.00 176.25,229.00
             176.25,229.00 179.25,228.25 179.25,228.25
             179.25,228.25 179.75,225.75 179.75,225.75
             179.75,225.75 178.00,223.50 178.00,223.50
             178.00,223.50 173.75,222.00 173.75,222.00
             173.75,222.00 167.50,220.75 167.50,220.75
             167.50,220.75 160.50,218.50 160.50,218.50
             160.50,218.50 152.00,215.25 152.00,215.25
             152.00,215.25 143.50,212.00 143.50,212.00
             143.50,212.00 133.50,205.25 133.50,205.25
             133.50,205.25 127.00,200.25 127.00,200.25
             127.00,200.25 122.00,194.00 122.00,194.00
             122.00,194.00 117.75,188.00 117.75,188.00
             117.75,188.00 114.50,181.50 114.50,181.50
             114.50,181.50 111.75,175.50 111.75,175.50
             111.75,175.50 110.75,172.25 110.75,172.25Z M 119.25,167.25
           C 119.25,167.25 120.75,164.50 120.75,164.50
             120.75,164.50 122.25,162.25 122.25,162.25
             122.25,162.25 123.25,159.50 123.25,159.50
             123.25,159.50 121.50,156.25 121.50,156.25
             121.50,156.25 118.00,155.00 118.00,155.00
             118.00,155.00 115.50,155.50 115.50,155.50
             115.50,155.50 112.25,157.00 112.25,157.00
             112.25,157.00 111.50,160.50 111.50,160.50
             111.50,160.50 111.50,163.25 111.50,163.25
             111.50,163.25 112.75,166.75 112.75,166.75
             112.75,166.75 113.25,171.75 113.25,171.75
             113.25,171.75 114.75,176.50 114.75,176.50
             114.75,176.50 117.00,180.75 117.00,180.75
             117.00,180.75 118.50,184.25 118.50,184.25
             118.50,184.25 120.00,188.00 120.00,188.00
             120.00,188.00 122.75,191.00 122.75,191.00
             122.75,191.00 125.25,195.25 125.25,195.25
             125.25,195.25 129.25,198.50 129.25,198.50
             129.25,198.50 133.25,202.50 133.25,202.50
             133.25,202.50 138.00,206.00 138.00,206.00
             138.00,206.00 144.75,209.50 144.75,209.50
             144.75,209.50 151.00,212.00 151.00,212.00
             151.00,212.00 156.75,213.75 156.75,213.75
             156.75,213.75 162.75,216.00 162.75,216.00
             162.75,216.00 169.00,218.00 169.00,218.00
             169.00,218.00 175.25,219.50 175.25,219.50
             175.25,219.50 181.25,220.50 181.25,220.50
             181.25,220.50 186.75,221.25 186.75,221.25
             186.75,221.25 189.50,220.25 189.50,220.25
             189.50,220.25 191.50,217.25 191.50,217.25
             191.50,217.25 190.25,214.00 190.25,214.00
             190.25,214.00 188.50,211.50 188.50,211.50
             188.50,211.50 185.75,210.75 185.75,210.75
             185.75,210.75 183.00,210.75 183.00,210.75
             183.00,210.75 180.50,211.50 180.50,211.50
             180.50,211.50 178.50,212.75 178.50,212.75
             178.50,212.75 175.75,213.00 175.75,213.00
             175.75,213.00 171.00,212.25 171.00,212.25
             171.00,212.25 166.25,210.00 166.25,210.00
             166.25,210.00 160.00,208.00 160.00,208.00
             160.00,208.00 154.00,205.75 154.00,205.75
             154.00,205.75 146.75,202.25 146.75,202.25
             146.75,202.25 139.50,198.50 139.50,198.50
             139.50,198.50 134.00,194.50 134.00,194.50
             134.00,194.50 129.50,189.25 129.50,189.25
             129.50,189.25 125.50,184.50 125.50,184.50
             125.50,184.50 121.75,179.25 121.75,179.25
             121.75,179.25 119.50,175.25 119.50,175.25
             119.50,175.25 118.50,171.75 118.50,171.75
             118.50,171.75 118.50,169.75 118.50,169.75Z M 132.25,163.25
           C 132.25,163.25 132.00,166.00 132.00,166.00
             132.00,166.00 131.00,168.50 131.00,168.50
             131.00,168.50 130.50,170.50 130.50,170.50
             130.50,170.50 130.00,172.75 130.00,172.75
             130.00,172.75 130.25,175.00 130.25,175.00
             130.25,175.00 133.25,178.50 133.25,178.50
             133.25,178.50 135.75,182.00 135.75,182.00
             135.75,182.00 139.00,186.25 139.00,186.25
             139.00,186.25 142.25,189.00 142.25,189.00
             142.25,189.00 147.25,192.50 147.25,192.50
             147.25,192.50 152.00,195.50 152.00,195.50
             152.00,195.50 157.00,198.25 157.00,198.25
             157.00,198.25 163.00,201.00 163.00,201.00
             163.00,201.00 165.50,202.00 165.50,202.00
             165.50,202.00 169.50,202.50 169.50,202.50
             169.50,202.50 174.00,202.50 174.00,202.50
             174.00,202.50 178.00,202.75 178.00,202.75
             178.00,202.75 181.50,204.00 181.50,204.00
             181.50,204.00 183.75,206.50 183.75,206.50
             183.75,206.50 183.25,208.75 183.25,208.75
             183.25,208.75 180.00,210.00 180.00,210.00
             180.00,210.00 176.50,210.00 176.50,210.00
             176.50,210.00 172.75,209.50 172.75,209.50
             172.75,209.50 169.50,208.25 169.50,208.25
             169.50,208.25 165.00,208.25 165.00,208.25
             165.00,208.25 161.00,206.75 161.00,206.75
             161.00,206.75 155.50,204.75 155.50,204.75
             155.50,204.75 150.00,202.25 150.00,202.25
             150.00,202.25 144.25,199.00 144.25,199.00
             144.25,199.00 138.00,195.75 138.00,195.75
             138.00,195.75 133.75,191.25 133.75,191.25
             133.75,191.25 130.50,187.50 130.50,187.50
             130.50,187.50 127.75,184.00 127.75,184.00
             127.75,184.00 124.75,178.75 124.75,178.75
             124.75,178.75 121.75,173.25 121.75,173.25
             121.75,173.25 121.50,169.00 121.50,169.00
             121.50,169.00 122.25,164.75 122.25,164.75
             122.25,164.75 124.25,161.75 124.25,161.75
             124.25,161.75 126.25,160.00 126.25,160.00
             126.25,160.00 128.25,159.75 128.25,159.75
             128.25,159.75 130.50,160.50 130.50,160.50Z " />
</svg>
