<?xml version="1.0" encoding="UTF-8" standalone="no"?>
<!DOCTYPE svg PUBLIC "-//W3C//DTD SVG 20010904//EN"
              "http://www.w3.org/TR/2001/REC-SVG-20010904/DTD/svg10.dtd">

<svg xmlns="http://www.w3.org/2000/svg"
     width="6.94444in" height="5.55556in"
     viewBox="0 0 500 400">
  <path id="Path3"
        fill="none" stroke="black" stroke-width="1"
        d="M 354.75,205.50
           C 354.75,205.50 359.25,204.00 359.25,204.00
             359.25,204.00 363.00,202.00 363.00,202.00
             363.00,202.00 367.50,200.25 367.50,200.25
             367.50,200.25 371.50,198.00 371.50,198.00
             371.50,198.00 375.75,195.50 375.75,195.50
             375.75,195.50 380.25,192.75 380.25,192.75
             380.25,192.75 384.00,190.75 384.00,190.75
             384.00,190.75 389.00,190.25 389.00,190.25
             389.00,190.25 393.00,189.75 393.00,189.75
             393.00,189.75 397.00,190.25 397.00,190.25
             397.00,190.25 401.00,191.50 401.00,191.50
             401.00,191.50 402.25,194.00 402.25,194.00
             402.25,194.00 402.25,196.00 402.25,196.00
             402.25,196.00 402.00,199.50 402.00,199.50
             402.00,199.50 400.50,202.50 400.50,202.50
             400.50,202.50 399.00,205.75 399.00,205.75
             399.00,205.75 396.00,208.75 396.00,208.75
             396.00,208.75 392.00,212.00 392.00,212.00
             392.00,212.00 388.25,215.00 388.25,215.00
             388.25,215.00 383.25,219.00 383.25,219.00
             383.25,219.00 376.75,222.75 376.75,222.75
             376.75,222.75 369.50,226.00 369.50,226.00
             369.50,226.00 362.25,228.75 362.25,228.75
             362.25,228.75 356.25,230.75 356.25,230.75
             356.25,230.75 350.50,231.50 350.50,231.50
             350.50,231.50 343.50,231.50 343.50,231.50
             343.50,231.50 339.50,229.25 339.50,229.25
             339.50,229.25 337.00,227.50 337.00,227.50
             337.00,227.50 335.50,224.25 335.50,224.25
             335.50,224.25 335.50,219.75 335.50,219.75
             335.50,219.75 337.50,216.00 337.50,216.00
             337.50,216.00 340.75,212.50 340.75,212.50
             340.75,212.50 344.75,210.00 344.75,210.00
             344.75,210.00 349.25,207.50 349.25,207.50Z " />
</svg>
