<?xml version="1.0" encoding="UTF-8" standalone="no"?>
<!DOCTYPE svg PUBLIC "-//W3C//DTD SVG 20010904//EN"
              "http://www.w3.org/TR/2001/REC-SVG-20010904/DTD/svg10.dtd">

<svg xmlns="http://www.w3.org/2000/svg"
     width="6.94444in" height="5.55556in"
     viewBox="0 0 500 400">
  <path id="Unnamed"
        fill="none" stroke="black" stroke-width="1"
        d="M 234.75,138.25
           C 234.75,138.25 240.00,137.00 240.00,137.00
             240.00,137.00 245.25,136.50 245.25,136.50
             245.25,136.50 250.25,136.50 250.25,136.50
             250.25,136.50 255.00,136.50 255.00,136.50
             255.00,136.50 259.50,137.00 259.50,137.00
             259.50,137.00 263.50,137.00 263.50,137.00
             263.50,137.00 268.75,137.50 268.75,137.50
             268.75,137.50 273.00,137.75 273.00,137.75
             273.00,137.75 277.75,138.75 277.75,138.75
             277.75,138.75 283.00,139.75 283.00,139.75
             283.00,139.75 287.75,141.50 287.75,141.50
             287.75,141.50 292.50,144.25 292.50,144.25
             292.50,144.25 296.25,147.25 296.25,147.25
             296.25,147.25 298.25,152.00 298.25,152.00
             298.25,152.00 299.50,156.00 299.50,156.00
             299.50,156.00 300.00,160.75 300.00,160.75
             300.00,160.75 299.50,164.50 299.50,164.50
             299.50,164.50 296.50,167.75 296.50,167.75
             296.50,167.75 292.75,169.75 292.75,169.75
             292.75,169.75 288.50,172.25 288.50,172.25
             288.50,172.25 282.25,173.50 282.25,173.50
             282.25,173.50 278.75,174.25 278.75,174.25
             278.75,174.25 274.75,174.50 274.75,174.50
             274.75,174.50 270.25,175.00 270.25,175.00
             270.25,175.00 262.75,175.00 262.75,175.00
             262.75,175.00 257.00,174.50 257.00,174.50
             257.00,174.50 250.75,173.75 250.75,173.75
             250.75,173.75 244.00,172.50 244.00,172.50
             244.00,172.50 237.00,170.50 237.00,170.50
             237.00,170.50 232.50,168.50 232.50,168.50
             232.50,168.50 227.25,165.50 227.25,165.50
             227.25,165.50 223.25,162.50 223.25,162.50
             223.25,162.50 220.25,157.75 220.25,157.75
             220.25,157.75 220.00,153.50 220.00,153.50
             220.00,153.50 220.75,150.00 220.75,150.00
             220.75,150.00 222.00,146.50 222.00,146.50
             222.00,146.50 224.25,143.50 224.25,143.50
             224.25,143.50 227.00,141.00 227.00,141.00
             227.00,141.00 230.25,139.00 230.25,139.00Z " />
</svg>
