<?xml version="1.0" encoding="UTF-8" standalone="no"?>
<!DOCTYPE svg PUBLIC "-//W3C//DTD SVG 20010904//EN"
              "http://www.w3.org/TR/2001/REC-SVG-20010904/DTD/svg10.dtd">

<svg xmlns="http://www.w3.org/2000/svg"
     width="6.94444in" height="5.55556in"
     viewBox="0 0 500 400">
  <path id="Unnamed #2"
        fill="none" stroke="black" stroke-width="1"
        d="M 162.25,156.25
           C 162.25,156.25 169.25,157.50 169.25,157.50
             169.25,157.50 175.50,159.00 175.50,159.00
             175.50,159.00 181.25,161.00 181.25,161.00
             181.25,161.00 185.75,164.25 185.75,164.25
             185.75,164.25 188.00,169.00 188.00,169.00
             188.00,169.00 188.50,174.00 188.50,174.00
             188.50,174.00 187.00,178.00 187.00,178.00
             187.00,178.00 183.00,181.00 183.00,181.00
             183.00,181.00 177.50,182.25 177.50,182.25
             177.50,182.25 171.00,183.00 171.00,183.00
             171.00,183.00 165.00,182.00 165.00,182.00
             165.00,182.00 159.00,180.50 159.00,180.50
             159.00,180.50 155.25,178.50 155.25,178.50
             155.25,178.50 151.25,175.75 151.25,175.75
             151.25,175.75 147.75,170.00 147.75,170.00
             147.75,170.00 148.50,164.00 148.50,164.00
             148.50,164.00 152.00,158.75 152.00,158.75
             152.00,158.75 156.25,156.50 156.25,156.50Z " />
</svg>
