<?xml version="1.0" encoding="UTF-8" standalone="no"?>
<!DOCTYPE svg PUBLIC "-//W3C//DTD SVG 20010904//EN"
              "http://www.w3.org/TR/2001/REC-SVG-20010904/DTD/svg10.dtd">

<svg xmlns="http://www.w3.org/2000/svg"
     width="6.94444in" height="5.55556in"
     viewBox="0 0 500 400">
  <path id="Selection #6"
        fill="green" stroke="black" stroke-width="1"
        d="M 202.00,96.21
           C 202.00,96.21 216.00,97.00 216.00,97.00
             216.00,97.00 284.00,97.00 284.00,97.00
             284.00,97.00 296.00,97.91 296.00,97.91
             296.00,97.91 320.00,99.00 320.00,99.00
             326.80,99.08 341.95,101.61 349.00,103.00
             371.18,107.37 393.58,114.41 410.99,129.44
             429.12,145.09 438.27,168.38 438.00,192.00
             437.94,196.87 437.32,200.43 435.54,205.00
             429.63,220.11 416.80,231.25 403.00,239.13
             390.41,246.31 367.43,252.71 353.00,255.60
             325.11,261.18 297.36,262.96 269.00,263.00
             269.00,263.00 252.00,263.96 252.00,263.96
             252.00,263.96 236.00,263.96 236.00,263.96
             236.00,263.96 224.00,263.00 224.00,263.00
             224.00,263.00 197.00,261.17 197.00,261.17
             197.00,261.17 178.00,259.71 178.00,259.71
             178.00,259.71 148.00,253.65 148.00,253.65
             125.74,248.61 107.88,243.71 90.00,228.56
             81.46,221.32 73.68,209.89 70.76,199.00
             63.49,171.91 75.52,136.48 98.00,119.76
             111.74,109.54 137.01,100.90 154.00,98.27
             154.00,98.27 176.00,96.21 176.00,96.21
             176.00,96.21 202.00,96.21 202.00,96.21 Z
           M 189.00,104.00
           C 164.04,104.04 129.46,108.15 108.00,121.47
             101.26,125.65 93.44,133.35 89.10,140.00
             82.85,149.57 76.49,171.47 76.04,183.00
             75.73,190.92 78.98,201.03 82.63,208.00
             88.57,219.33 101.09,228.33 112.00,234.57
             131.99,246.01 158.39,248.98 181.00,251.17
             181.00,251.17 211.00,254.00 211.00,254.00
             211.00,254.00 291.00,254.00 291.00,254.00
             291.00,254.00 307.00,253.00 307.00,253.00
             318.39,252.94 329.78,250.94 341.00,249.08
             366.21,244.91 387.63,239.84 409.00,224.96
             414.53,221.12 419.96,216.79 423.53,211.00
             439.34,185.41 424.37,147.47 402.00,130.76
             388.49,120.67 372.16,115.65 356.00,111.63
             318.01,102.17 289.89,104.44 252.00,104.00
             252.00,104.00 237.00,103.14 237.00,103.14
             237.00,103.14 199.00,103.14 199.00,103.14
             194.11,103.99 193.94,103.99 189.00,104.00 Z" />
</svg>
