<?xml version="1.0" encoding="UTF-8" standalone="no"?>
<!DOCTYPE svg PUBLIC "-//W3C//DTD SVG 20010904//EN"
              "http://www.w3.org/TR/2001/REC-SVG-20010904/DTD/svg10.dtd">

<svg xmlns="http://www.w3.org/2000/svg"
     width="6.94444in" height="5.55556in"
     viewBox="0 0 500 400">
  <path id="Path8"
        fill="none" stroke="black" stroke-width="1"
        d="M 93.00,138.50
           C 93.00,138.50 96.25,134.50 96.25,134.50
             96.25,134.50 100.50,130.25 100.50,130.25
             100.50,130.25 104.75,126.75 104.75,126.75
             104.75,126.75 109.50,123.75 109.50,123.75
             109.50,123.75 114.50,120.75 114.50,120.75
             114.50,120.75 120.75,117.25 120.75,117.25
             120.75,117.25 126.75,114.75 126.75,114.75
             126.75,114.75 133.00,113.00 133.00,113.00
             133.00,113.00 139.75,111.25 139.75,111.25
             139.75,111.25 147.75,109.50 147.75,109.50
             147.75,109.50 154.25,108.25 154.25,108.25
             154.25,108.25 161.50,107.50 161.50,107.50
             161.50,107.50 168.50,107.25 168.50,107.25
             168.50,107.25 173.00,106.50 173.00,106.50
             173.00,106.50 178.75,105.50 178.75,105.50
             178.75,105.50 184.75,105.00 184.75,105.00
             184.75,105.00 195.25,105.00 195.25,105.00
             195.25,105.00 203.75,104.25 203.75,104.25
             203.75,104.25 219.00,104.25 219.00,104.25
             219.00,104.25 254.25,104.75 254.25,104.75
             254.25,104.75 271.75,104.50 271.75,104.50
             271.75,104.50 293.25,105.75 293.25,105.75
             293.25,105.75 309.50,106.00 309.50,106.00
             309.50,106.00 322.00,107.75 322.00,107.75
             322.00,107.75 334.75,109.75 334.75,109.75
             334.75,109.75 346.75,111.75 346.75,111.75
             346.75,111.75 358.25,113.50 358.25,113.50
             358.25,113.50 369.50,117.00 369.50,117.00
             369.50,117.00 379.50,121.00 379.50,121.00
             379.50,121.00 388.00,124.50 388.00,124.50
             388.00,124.50 396.75,130.00 396.75,130.00
             396.75,130.00 403.50,135.50 403.50,135.50
             403.50,135.50 410.75,142.25 410.75,142.25
             410.75,142.25 417.75,152.25 417.75,152.25
             417.75,152.25 421.75,159.75 421.75,159.75
             421.75,159.75 425.00,166.50 425.00,166.50
             425.00,166.50 426.75,173.00 426.75,173.00
             426.75,173.00 428.75,179.75 428.75,179.75
             428.75,179.75 429.00,188.25 429.00,188.25
             429.00,188.25 427.75,196.25 427.75,196.25
             427.75,196.25 424.75,204.50 424.75,204.50
             424.75,204.50 420.25,212.50 420.25,212.50
             420.25,212.50 415.25,218.50 415.25,218.50
             415.25,218.50 407.50,224.00 407.50,224.00
             407.50,224.00 398.75,229.25 398.75,229.25
             398.75,229.25 389.00,234.00 389.00,234.00
             389.00,234.00 379.75,237.75 379.75,237.75
             379.75,237.75 369.00,241.75 369.00,241.75
             369.00,241.75 357.50,244.50 357.50,244.50
             357.50,244.50 345.25,247.00 345.25,247.00
             345.25,247.00 332.75,249.25 332.75,249.25
             332.75,249.25 320.25,250.00 320.25,250.00
             320.25,250.00 303.25,251.25 303.25,251.25
             303.25,251.25 296.50,251.50 296.50,251.50
             296.50,251.50 284.75,252.50 284.75,252.50
             284.75,252.50 273.75,252.75 273.75,252.75
             273.75,252.75 262.50,252.75 262.50,252.75
             262.50,252.75 253.75,252.50 253.75,252.50
             253.75,252.50 243.00,252.50 243.00,252.50
             243.00,252.50 232.75,252.50 232.75,252.50
             232.75,252.50 223.50,251.75 223.50,251.75
             223.50,251.75 215.75,251.75 215.75,251.75
             215.75,251.75 206.75,251.75 206.75,251.75
             206.75,251.75 197.00,251.00 197.00,251.00
             197.00,251.00 189.00,250.50 189.00,250.50
             189.00,250.50 182.00,249.75 182.00,249.75
             182.00,249.75 174.00,248.25 174.00,248.25
             174.00,248.25 166.75,247.50 166.75,247.50
             166.75,247.50 161.00,246.50 161.00,246.50
             161.00,246.50 153.25,244.75 153.25,244.75
             153.25,244.75 145.75,242.75 145.75,242.75
             145.75,242.75 138.75,241.75 138.75,241.75
             138.75,241.75 131.50,239.25 131.50,239.25
             131.50,239.25 123.00,236.00 123.00,236.00
             123.00,236.00 117.00,233.50 117.00,233.50
             117.00,233.50 109.75,230.25 109.75,230.25
             109.75,230.25 102.50,225.75 102.50,225.75
             102.50,225.75 96.50,220.75 96.50,220.75
             96.50,220.75 91.50,215.00 91.50,215.00
             91.50,215.00 87.00,209.75 87.00,209.75
             87.00,209.75 82.00,202.00 82.00,202.00
             82.00,202.00 80.00,196.50 80.00,196.50
             80.00,196.50 78.50,189.75 78.50,189.75
             78.50,189.75 78.25,182.25 78.25,182.25
             78.25,182.25 78.25,173.75 78.25,173.75
             78.25,173.75 80.25,165.75 80.25,165.75
             80.25,165.75 82.75,156.75 82.75,156.75
             82.75,156.75 85.75,149.75 85.75,149.75
             85.75,149.75 88.50,143.25 88.50,143.25Z M 89.25,126.75
           C 89.25,126.75 94.00,122.50 94.00,122.50
             94.00,122.50 99.75,118.00 99.75,118.00
             99.75,118.00 107.25,113.50 107.25,113.50
             107.25,113.50 115.75,108.75 115.75,108.75
             115.75,108.75 119.25,107.50 119.25,107.50
             119.25,107.50 124.00,105.50 124.00,105.50
             124.00,105.50 130.00,103.50 130.00,103.50
             130.00,103.50 137.25,101.75 137.25,101.75
             137.25,101.75 146.25,99.75 146.25,99.75
             146.25,99.75 152.75,98.50 152.75,98.50
             152.75,98.50 158.25,97.75 158.25,97.75
             158.25,97.75 166.00,97.00 166.00,97.00
             166.00,97.00 172.75,96.25 172.75,96.25
             172.75,96.25 179.25,96.00 179.25,96.00
             179.25,96.00 184.75,95.50 184.75,95.50
             184.75,95.50 190.25,95.25 190.25,95.25
             190.25,95.25 194.75,95.25 194.75,95.25
             194.75,95.25 202.75,95.25 202.75,95.25
             202.75,95.25 221.75,95.25 221.75,95.25
             221.75,95.25 226.00,95.50 226.00,95.50
             226.00,95.50 229.00,96.00 229.00,96.00
             229.00,96.00 235.25,96.50 235.25,96.50
             235.25,96.50 241.00,96.25 241.00,96.25
             241.00,96.25 247.00,96.25 247.00,96.25
             247.00,96.25 252.75,96.50 252.75,96.50
             252.75,96.50 259.50,96.25 259.50,96.25
             259.50,96.25 268.50,96.50 268.50,96.50
             268.50,96.50 274.25,96.00 274.25,96.00
             274.25,96.00 279.25,96.50 279.25,96.50
             279.25,96.50 285.00,96.50 285.00,96.50
             285.00,96.50 289.00,96.25 289.00,96.25
             289.00,96.25 293.75,96.50 293.75,96.50
             293.75,96.50 298.00,96.50 298.00,96.50
             298.00,96.50 303.25,96.25 303.25,96.25
             303.25,96.25 308.50,96.75 308.50,96.75
             308.50,96.75 312.50,97.25 312.50,97.25
             312.50,97.25 316.75,97.50 316.75,97.50
             316.75,97.50 321.50,97.75 321.50,97.75
             321.50,97.75 326.25,98.25 326.25,98.25
             326.25,98.25 329.25,99.00 329.25,99.00
             329.25,99.00 332.75,98.75 332.75,98.75
             332.75,98.75 336.25,99.25 336.25,99.25
             336.25,99.25 339.75,100.00 339.75,100.00
             339.75,100.00 343.00,100.50 343.00,100.50
             343.00,100.50 345.75,100.75 345.75,100.75
             345.75,100.75 349.25,101.50 349.25,101.50
             349.25,101.50 353.00,102.00 353.00,102.00
             353.00,102.00 356.50,103.00 356.50,103.00
             356.50,103.00 360.00,104.00 360.00,104.00
             360.00,104.00 365.25,105.25 365.25,105.25
             365.25,105.25 369.75,106.75 369.75,106.75
             369.75,106.75 373.00,108.00 373.00,108.00
             373.00,108.00 378.00,109.75 378.00,109.75
             378.00,109.75 382.75,111.50 382.75,111.50
             382.75,111.50 387.75,113.50 387.75,113.50
             387.75,113.50 392.00,115.50 392.00,115.50
             392.00,115.50 396.00,117.50 396.00,117.50
             396.00,117.50 399.00,119.50 399.00,119.50
             399.00,119.50 402.00,121.25 402.00,121.25
             402.00,121.25 405.25,123.25 405.25,123.25
             405.25,123.25 408.50,125.75 408.50,125.75
             408.50,125.75 411.50,128.50 411.50,128.50
             411.50,128.50 414.75,131.50 414.75,131.50
             414.75,131.50 417.00,134.25 417.00,134.25
             417.00,134.25 420.50,137.50 420.50,137.50
             420.50,137.50 423.25,141.00 423.25,141.00
             423.25,141.00 425.25,144.25 425.25,144.25
             425.25,144.25 427.75,147.25 427.75,147.25
             427.75,147.25 429.50,151.00 429.50,151.00
             429.50,151.00 431.50,155.50 431.50,155.50
             431.50,155.50 433.25,159.50 433.25,159.50
             433.25,159.50 435.50,164.75 435.50,164.75
             435.50,164.75 437.00,171.00 437.00,171.00
             437.00,171.00 438.25,177.50 438.25,177.50
             438.25,177.50 438.75,182.75 438.75,182.75
             438.75,182.75 439.50,186.00 439.50,186.00
             439.50,186.00 439.50,190.50 439.50,190.50
             439.50,190.50 438.50,195.00 438.50,195.00
             438.50,195.00 438.50,199.00 438.50,199.00
             438.50,199.00 436.25,204.00 436.25,204.00
             436.25,204.00 435.00,208.00 435.00,208.00
             435.00,208.00 433.00,212.50 433.00,212.50
             433.00,212.50 430.50,215.75 430.50,215.75
             430.50,215.75 427.75,220.00 427.75,220.00
             427.75,220.00 424.75,224.00 424.75,224.00
             424.75,224.00 420.50,227.25 420.50,227.25
             420.50,227.25 416.25,230.75 416.25,230.75
             416.25,230.75 411.25,234.75 411.25,234.75
             411.25,234.75 406.75,237.00 406.75,237.00
             406.75,237.00 402.00,239.75 402.00,239.75
             402.00,239.75 396.75,242.25 396.75,242.25
             396.75,242.25 391.50,244.75 391.50,244.75
             391.50,244.75 384.25,247.50 384.25,247.50
             384.25,247.50 378.25,249.50 378.25,249.50
             378.25,249.50 373.50,251.00 373.50,251.00
             373.50,251.00 368.25,252.75 368.25,252.75
             368.25,252.75 364.00,253.75 364.00,253.75
             364.00,253.75 356.75,255.50 356.75,255.50
             356.75,255.50 350.50,257.00 350.50,257.00
             350.50,257.00 342.50,258.50 342.50,258.50
             342.50,258.50 336.00,259.25 336.00,259.25
             336.00,259.25 327.75,260.75 327.75,260.75
             327.75,260.75 320.00,261.25 320.00,261.25
             320.00,261.25 309.50,262.50 309.50,262.50
             309.50,262.50 303.25,262.75 303.25,262.75
             303.25,262.75 296.00,263.00 296.00,263.00
             296.00,263.00 287.25,263.50 287.25,263.50
             287.25,263.50 266.75,263.75 266.75,263.75
             266.75,263.75 258.00,264.00 258.00,264.00
             258.00,264.00 250.50,264.75 250.50,264.75
             250.50,264.75 241.50,264.75 241.50,264.75
             241.50,264.75 231.75,265.00 231.75,265.00
             231.75,265.00 224.25,264.50 224.25,264.50
             224.25,264.50 217.00,263.75 217.00,263.75
             217.00,263.75 210.50,263.75 210.50,263.75
             210.50,263.75 203.50,263.25 203.50,263.25
             203.50,263.25 194.50,262.50 194.50,262.50
             194.50,262.50 183.25,261.25 183.25,261.25
             183.25,261.25 176.00,260.75 176.00,260.75
             176.00,260.75 168.75,259.50 168.75,259.50
             168.75,259.50 163.25,258.75 163.25,258.75
             163.25,258.75 157.50,257.25 157.50,257.25
             157.50,257.25 153.25,256.75 153.25,256.75
             153.25,256.75 148.75,255.50 148.75,255.50
             148.75,255.50 143.75,254.50 143.75,254.50
             143.75,254.50 137.50,252.50 137.50,252.50
             137.50,252.50 131.25,250.75 131.25,250.75
             131.25,250.75 125.00,248.50 125.00,248.50
             125.00,248.50 117.00,245.50 117.00,245.50
             117.00,245.50 111.25,243.00 111.25,243.00
             111.25,243.00 105.25,240.00 105.25,240.00
             105.25,240.00 99.25,236.25 99.25,236.25
             99.25,236.25 93.50,232.75 93.50,232.75
             93.50,232.75 88.50,228.75 88.50,228.75
             88.50,228.75 82.75,222.50 82.75,222.50
             82.75,222.50 78.25,216.75 78.25,216.75
             78.25,216.75 75.75,212.25 75.75,212.25
             75.75,212.25 72.50,206.25 72.50,206.25
             72.50,206.25 70.25,201.00 70.25,201.00
             70.25,201.00 68.50,195.75 68.50,195.75
             68.50,195.75 67.75,190.00 67.75,190.00
             67.75,190.00 66.75,183.00 66.75,183.00
             66.75,183.00 67.25,176.75 67.25,176.75
             67.25,176.75 68.00,170.25 68.00,170.25
             68.00,170.25 68.50,166.00 68.50,166.00
             68.50,166.00 70.00,161.50 70.00,161.50
             70.00,161.50 71.50,156.00 71.50,156.00
             71.50,156.00 73.75,151.00 73.75,151.00
             73.75,151.00 76.00,145.25 76.00,145.25
             76.00,145.25 79.75,138.50 79.75,138.50
             79.75,138.50 83.50,133.25 83.50,133.25
             83.50,133.25 86.75,129.25 86.75,129.25Z " />
</svg>
