<?xml version="1.0" encoding="UTF-8" standalone="no"?>
<!DOCTYPE svg PUBLIC "-//W3C//DTD SVG 20010904//EN"
              "http://www.w3.org/TR/2001/REC-SVG-20010904/DTD/svg10.dtd">

<svg xmlns="http://www.w3.org/2000/svg"
     width="6.94444in" height="5.55556in"
     viewBox="0 0 500 400">
  <path id="Selection #5"
        fill="none" stroke="black" stroke-width="6"
        d="M 238.00,101.21
           C 238.00,101.21 255.00,102.00 255.00,102.00
             302.38,102.07 364.53,99.88 404.00,129.90
             408.58,133.38 416.92,141.40 420.21,146.00
             431.24,161.40 438.70,187.88 430.65,206.00
             425.67,217.22 415.31,226.37 405.00,232.55
             380.99,246.96 360.06,250.75 333.00,254.28
             316.67,256.41 300.47,257.97 284.00,258.00
             284.00,258.00 267.00,259.00 267.00,259.00
             267.00,259.00 239.00,259.00 239.00,259.00
             239.00,259.00 227.00,258.04 227.00,258.04
             227.00,258.04 216.00,258.04 216.00,258.04
             216.00,258.04 202.00,257.00 202.00,257.00
             186.19,256.92 164.55,253.17 149.00,249.65
             132.85,245.99 122.74,242.25 108.00,234.76
             104.26,232.85 100.39,231.16 97.00,228.65
             88.65,222.47 81.48,214.63 77.34,205.00
             67.95,183.20 74.14,153.28 88.52,135.00
             92.71,129.66 99.40,123.93 105.00,120.04
             117.47,111.38 140.86,105.17 156.00,103.29
             156.00,103.29 175.00,101.21 175.00,101.21
             175.00,101.21 238.00,101.21 238.00,101.21 Z" />
</svg>
