<?xml version="1.0" encoding="UTF-8" standalone="no"?>
<!DOCTYPE svg PUBLIC "-//W3C//DTD SVG 20010904//EN"
              "http://www.w3.org/TR/2001/REC-SVG-20010904/DTD/svg10.dtd">

<svg xmlns="http://www.w3.org/2000/svg"
     width="6.94444in" height="5.55556in"
     viewBox="0 0 500 400">
  <path id="Path6"
        fill="none" stroke="black" stroke-width="1"
        d="M 270.25,224.00
           C 270.25,224.00 274.75,223.50 274.75,223.50
             274.75,223.50 279.25,224.75 279.25,224.75
             279.25,224.75 283.00,226.50 283.00,226.50
             283.00,226.50 285.50,228.25 285.50,228.25
             285.50,228.25 287.75,230.75 287.75,230.75
             287.75,230.75 287.75,234.00 287.75,234.00
             287.75,234.00 287.00,237.75 287.00,237.75
             287.00,237.75 284.25,240.50 284.25,240.50
             284.25,240.50 280.75,241.25 280.75,241.25
             280.75,241.25 276.50,241.25 276.50,241.25
             276.50,241.25 271.75,241.50 271.75,241.50
             271.75,241.50 268.25,239.50 268.25,239.50
             268.25,239.50 264.75,238.50 264.75,238.50
             264.75,238.50 262.75,235.50 262.75,235.50
             262.75,235.50 262.50,231.25 262.50,231.25
             262.50,231.25 264.25,227.75 264.25,227.75
             264.25,227.75 267.00,224.75 267.00,224.75Z " />
</svg>
