<?xml version="1.0" encoding="UTF-8" standalone="no"?>
<!DOCTYPE svg PUBLIC "-//W3C//DTD SVG 20010904//EN"
              "http://www.w3.org/TR/2001/REC-SVG-20010904/DTD/svg10.dtd">

<svg xmlns="http://www.w3.org/2000/svg"
     width="6.94444in" height="5.55556in"
     viewBox="0 0 500 400">
  <path id="Unnamed #1"
        fill="none" stroke="black" stroke-width="1"
        d="M 326.25,122.00
           C 326.25,122.00 330.25,121.50 330.25,121.50
             330.25,121.50 334.25,121.50 334.25,121.50
             334.25,121.50 338.00,121.50 338.00,121.50
             338.00,121.50 342.25,122.75 342.25,122.75
             342.25,122.75 345.75,124.00 345.75,124.00
             345.75,124.00 348.50,125.75 348.50,125.75
             348.50,125.75 351.75,127.25 351.75,127.25
             351.75,127.25 354.75,129.00 354.75,129.00
             354.75,129.00 358.25,131.25 358.25,131.25
             358.25,131.25 362.25,132.75 362.25,132.75
             362.25,132.75 365.25,134.50 365.25,134.50
             365.25,134.50 368.50,136.00 368.50,136.00
             368.50,136.00 372.00,137.75 372.00,137.75
             372.00,137.75 375.25,140.00 375.25,140.00
             375.25,140.00 378.50,142.25 378.50,142.25
             378.50,142.25 381.00,144.50 381.00,144.50
             381.00,144.50 384.50,147.25 384.50,147.25
             384.50,147.25 387.50,149.50 387.50,149.50
             387.50,149.50 389.75,151.25 389.75,151.25
             389.75,151.25 391.75,153.75 391.75,153.75
             391.75,153.75 393.25,156.00 393.25,156.00
             393.25,156.00 394.25,158.50 394.25,158.50
             394.25,158.50 395.75,160.25 395.75,160.25
             395.75,160.25 395.75,162.00 395.75,162.00
             395.75,162.00 397.00,165.00 397.00,165.00
             397.00,165.00 397.00,167.75 397.00,167.75
             397.00,167.75 396.25,170.00 396.25,170.00
             396.25,170.00 394.00,171.50 394.00,171.50
             394.00,171.50 390.25,172.25 390.25,172.25
             390.25,172.25 386.50,173.00 386.50,173.00
             386.50,173.00 383.00,173.25 383.00,173.25
             383.00,173.25 379.50,173.25 379.50,173.25
             379.50,173.25 376.00,174.00 376.00,174.00
             376.00,174.00 370.25,175.00 370.25,175.00
             370.25,175.00 365.25,176.50 365.25,176.50
             365.25,176.50 360.00,179.00 360.00,179.00
             360.00,179.00 354.50,181.75 354.50,181.75
             354.50,181.75 349.25,184.75 349.25,184.75
             349.25,184.75 344.50,187.25 344.50,187.25
             344.50,187.25 338.50,189.25 338.50,189.25
             338.50,189.25 332.25,192.75 332.25,192.75
             332.25,192.75 326.50,193.75 326.50,193.75
             326.50,193.75 322.25,195.00 322.25,195.00
             322.25,195.00 319.00,195.00 319.00,195.00
             319.00,195.00 317.00,193.50 317.00,193.50
             317.00,193.50 315.75,191.50 315.75,191.50
             315.75,191.50 315.25,188.75 315.25,188.75
             315.25,188.75 315.50,185.50 315.50,185.50
             315.50,185.50 316.50,182.75 316.50,182.75
             316.50,182.75 318.00,181.00 318.00,181.00
             318.00,181.00 319.75,179.00 319.75,179.00
             319.75,179.00 322.00,176.75 322.00,176.75
             322.00,176.75 323.50,174.75 323.50,174.75
             323.50,174.75 325.75,172.25 325.75,172.25
             325.75,172.25 327.00,170.00 327.00,170.00
             327.00,170.00 328.25,167.25 328.25,167.25
             328.25,167.25 328.00,164.50 328.00,164.50
             328.00,164.50 328.00,161.50 328.00,161.50
             328.00,161.50 326.50,158.50 326.50,158.50
             326.50,158.50 324.75,156.25 324.75,156.25
             324.75,156.25 322.00,153.25 322.00,153.25
             322.00,153.25 319.75,151.00 319.75,151.00
             319.75,151.00 316.50,148.00 316.50,148.00
             316.50,148.00 313.50,145.25 313.50,145.25
             313.50,145.25 311.25,141.50 311.25,141.50
             311.25,141.50 309.00,138.25 309.00,138.25
             309.00,138.25 308.75,134.50 308.75,134.50
             308.75,134.50 309.50,130.75 309.50,130.75
             309.50,130.75 310.75,128.75 310.75,128.75
             310.75,128.75 312.25,126.00 312.25,126.00
             312.25,126.00 314.75,124.25 314.75,124.25
             314.75,124.25 316.75,123.00 316.75,123.00
             316.75,123.00 319.75,121.75 319.75,121.75
             319.75,121.75 323.25,121.75 323.25,121.75Z " />
</svg>
