<?xml version="1.0" encoding="UTF-8" standalone="no"?>
<!DOCTYPE svg PUBLIC "-//W3C//DTD SVG 20010904//EN"
              "http://www.w3.org/TR/2001/REC-SVG-20010904/DTD/svg10.dtd">

<svg xmlns="http://www.w3.org/2000/svg"
     width="6.94444in" height="5.55556in"
     viewBox="0 0 500 400">
  <path id="Selection #1"
        fill="none" stroke="black" stroke-width="1"
        d="M 29.00,1.00
           C 29.00,1.00 46.00,0.00 46.00,0.00
             46.00,0.00 167.00,0.00 167.00,0.00
             167.00,0.00 182.00,1.00 182.00,1.00
             182.00,1.00 361.00,1.00 361.00,1.00
             361.00,1.00 442.00,1.00 442.00,1.00
             442.00,1.00 457.00,2.00 457.00,2.00
             457.00,2.00 500.00,2.00 500.00,2.00
             500.00,2.00 500.00,62.00 500.00,62.00
             500.00,62.00 499.00,79.00 499.00,79.00
             499.00,79.00 499.00,259.00 499.00,259.00
             499.00,259.00 500.00,274.00 500.00,274.00
             500.00,274.00 500.00,398.00 500.00,398.00
             500.00,398.00 283.00,398.00 283.00,398.00
             283.00,398.00 174.00,398.00 174.00,398.00
             174.00,398.00 159.00,399.00 159.00,399.00
             159.00,399.00 0.00,399.00 0.00,399.00
             0.00,399.00 0.00,291.00 0.00,291.00
             0.00,291.00 1.00,276.00 1.00,276.00
             1.00,276.00 1.00,1.00 1.00,1.00
             1.00,1.00 29.00,1.00 29.00,1.00 Z
           M 94.00,148.39
           C 80.03,159.40 80.82,171.04 81.00,187.00
             81.25,208.16 94.87,224.21 112.00,235.30
             136.87,251.40 166.06,258.34 195.00,262.42
             195.00,262.42 246.00,268.00 246.00,268.00
             246.00,268.00 275.00,268.00 275.00,268.00
             275.00,268.00 292.00,267.00 292.00,267.00
             311.82,266.97 331.58,263.49 351.00,259.80
             359.98,258.10 383.26,252.57 391.00,249.10
             394.44,247.55 400.75,243.52 404.00,241.33
             410.15,237.18 420.65,227.73 423.64,221.00
             425.34,217.16 426.51,208.34 426.82,204.00
             427.08,200.28 426.12,196.62 425.40,193.00
             421.93,175.63 412.44,158.89 397.00,149.46
             381.42,139.95 362.82,136.92 345.00,134.72
             345.00,134.72 327.00,133.00 327.00,133.00
             327.00,133.00 307.00,133.00 307.00,133.00
             307.00,133.00 241.00,133.00 241.00,133.00
             241.00,133.00 219.00,132.00 219.00,132.00
             219.00,132.00 204.00,131.14 204.00,131.14
             204.00,131.14 159.00,131.14 159.00,131.14
             138.22,134.29 111.01,134.97 94.00,148.39 Z" />
</svg>
