<?xml version="1.0" encoding="UTF-8" standalone="no"?>
<!DOCTYPE svg PUBLIC "-//W3C//DTD SVG 20010904//EN"
              "http://www.w3.org/TR/2001/REC-SVG-20010904/DTD/svg10.dtd">

<svg xmlns="http://www.w3.org/2000/svg"
     width="6.94444in" height="5.55556in"
     viewBox="0 0 500 400">
  <path id="Selection #6"
        fill="brown" stroke="black" stroke-width="1"
        d="M 202.00,132.21
           C 202.00,132.21 217.00,133.04 217.00,133.04
             217.00,133.04 232.00,133.04 232.00,133.04
             232.00,133.04 245.00,134.00 245.00,134.00
             245.00,134.00 261.00,135.00 261.00,135.00
             288.53,135.04 321.20,133.64 348.00,136.85
             366.32,139.03 384.78,142.80 400.00,153.93
             413.08,163.49 425.93,187.52 425.92,204.00
             425.92,208.80 423.68,217.73 421.47,222.00
             417.79,229.10 408.70,236.29 402.00,240.47
             387.74,249.36 368.41,254.72 352.00,258.00
             326.06,263.19 299.40,265.69 273.00,266.00
             273.00,266.00 259.00,266.98 259.00,266.98
             259.00,266.98 250.00,266.04 250.00,266.04
             250.00,266.04 240.00,266.04 240.00,266.04
             240.00,266.04 221.00,264.17 221.00,264.17
             199.08,261.98 177.10,258.58 156.00,252.02
             139.96,247.04 123.86,241.16 110.00,231.43
             89.66,217.16 81.71,202.71 82.00,178.00
             82.09,170.49 84.35,161.83 89.33,156.04
             98.32,145.58 114.00,140.88 127.00,137.88
             136.22,135.76 157.67,133.04 167.00,133.00
             172.39,132.98 176.58,133.19 182.00,132.21
             182.00,132.21 202.00,132.21 202.00,132.21 Z
           M 160.00,143.00
           C 146.67,143.02 118.21,146.71 107.00,153.48
             103.41,155.64 98.75,159.52 96.53,163.09
             89.42,174.54 90.82,194.55 97.34,206.00
             103.87,217.48 115.36,226.17 127.00,232.03
             151.52,244.37 179.02,249.65 206.00,253.28
             206.00,253.28 226.00,255.96 226.00,255.96
             226.00,255.96 235.00,255.96 235.00,255.96
             235.00,255.96 247.00,257.00 247.00,257.00
             247.00,257.00 282.00,257.00 282.00,257.00
             282.00,257.00 301.00,256.00 301.00,256.00
             314.25,255.98 339.80,252.32 353.00,249.42
             370.04,245.68 382.90,242.63 397.84,232.77
             428.31,212.65 413.82,171.80 387.00,156.23
             362.09,141.77 328.79,144.00 301.00,144.00
             301.00,144.00 249.00,144.00 249.00,144.00
             249.00,144.00 234.00,143.00 234.00,143.00
             234.00,143.00 217.00,143.00 217.00,143.00
             217.00,143.00 202.00,142.14 202.00,142.14
             202.00,142.14 177.00,142.14 177.00,142.14
             170.52,143.22 166.42,142.99 160.00,143.00 Z" />
</svg>
