<?xml version="1.0" encoding="UTF-8" standalone="no"?>
<!DOCTYPE svg PUBLIC "-//W3C//DTD SVG 20010904//EN"
              "http://www.w3.org/TR/2001/REC-SVG-20010904/DTD/svg10.dtd">

<svg xmlns="http://www.w3.org/2000/svg"
     width="6.94444in" height="5.55556in"
     viewBox="0 0 500 400">
  <path id="Selection #4"
        fill="none" stroke="black" stroke-width="7"
        d="M 194.00,139.00
           C 194.00,139.00 227.00,139.00 227.00,139.00
             227.00,139.00 257.00,141.00 257.00,141.00
             257.00,141.00 277.00,141.00 277.00,141.00
             277.00,141.00 292.00,140.00 292.00,140.00
             325.91,139.84 364.38,137.11 394.00,156.54
             401.70,161.60 408.10,169.84 412.24,178.00
             414.67,182.78 417.37,188.75 418.48,194.00
             421.99,210.52 414.68,226.61 401.00,236.10
             387.40,245.52 367.13,250.83 351.00,254.00
             337.65,256.63 314.14,260.94 301.00,261.00
             301.00,261.00 282.00,262.00 282.00,262.00
             233.19,262.08 166.13,258.22 123.00,234.14
             107.24,225.34 93.35,214.49 88.61,196.00
             87.70,192.45 87.96,183.09 88.00,179.00
             88.10,171.17 89.96,162.07 96.18,156.76
             108.05,146.63 127.71,141.63 143.00,140.17
             143.00,140.17 167.00,138.42 167.00,138.42
             177.73,137.12 184.12,138.98 194.00,139.00 Z" />
</svg>
