<?xml version="1.0" encoding="UTF-8" standalone="no"?>
<!DOCTYPE svg PUBLIC "-//W3C//DTD SVG 20010904//EN"
              "http://www.w3.org/TR/2001/REC-SVG-20010904/DTD/svg10.dtd">

<svg xmlns="http://www.w3.org/2000/svg"
     width="6.94444in" height="5.55556in"
     viewBox="0 0 500 400">
  <path id="Selection #3"
        fill="none" stroke="black" stroke-width="1"
        d="M 202.00,155.21
           C 202.00,155.21 218.00,156.00 218.00,156.00
             218.00,156.00 261.00,156.00 261.00,156.00
             261.00,156.00 276.00,157.00 276.00,157.00
             276.00,157.00 295.00,157.00 295.00,157.00
             295.00,157.00 312.00,156.00 312.00,156.00
             312.00,156.00 327.00,157.00 327.00,157.00
             341.35,157.02 358.85,158.80 372.00,164.79
             378.16,167.60 384.87,171.67 389.67,176.46
             398.26,185.03 404.25,202.16 396.49,213.00
             393.41,217.31 388.55,220.64 384.00,223.25
             377.95,226.72 368.76,229.07 362.00,231.00
             342.23,236.65 316.55,239.76 296.00,240.00
             296.00,240.00 281.00,241.00 281.00,241.00
             236.56,241.07 190.17,240.48 148.00,224.58
             135.04,219.69 115.13,210.30 109.36,197.00
             107.33,192.33 106.90,187.03 107.01,182.00
             107.15,176.27 108.39,170.38 113.10,166.63
             122.67,159.03 148.75,156.02 161.00,156.00
             165.73,155.99 168.22,156.10 173.00,155.21
             173.00,155.21 202.00,155.21 202.00,155.21 Z
           M 234.59,183.30
           C 232.44,181.09 233.25,177.79 230.57,176.72
             228.37,175.64 225.14,177.28 220.00,176.72
             220.00,176.72 209.00,175.18 209.00,175.18
             203.92,175.26 198.38,178.55 198.07,184.00
             197.63,185.74 198.24,187.31 198.07,189.00
             198.07,189.00 198.07,198.00 198.07,198.00
             191.57,194.73 184.99,195.55 180.00,190.20
             182.82,190.24 191.28,192.76 192.87,190.20
             194.11,188.56 192.42,186.52 190.77,185.74
             188.90,184.85 186.33,185.22 184.21,183.98
             181.20,182.22 179.86,177.79 175.99,176.66
             169.34,174.71 168.36,183.64 168.00,188.00
             165.53,186.74 162.08,184.78 159.23,185.83
             154.95,187.39 155.56,196.59 156.89,199.98
             158.58,204.29 163.23,206.69 167.00,209.00
             175.79,201.71 175.39,209.07 180.00,203.00
             182.15,205.15 190.29,214.03 192.09,214.97
             196.00,217.02 199.43,214.46 201.58,214.42
             204.02,214.38 205.62,216.31 209.00,216.74
             212.29,217.15 215.54,215.66 218.00,215.89
             222.38,216.30 223.87,219.92 229.00,220.77
             235.30,221.82 238.98,217.99 243.00,217.29
             247.69,216.48 249.75,219.88 260.00,220.00
             263.25,220.03 269.09,220.25 271.98,219.11
             276.17,217.46 276.61,214.52 279.26,213.30
             279.26,213.30 288.00,211.96 288.00,211.96
             288.00,211.96 297.00,209.06 297.00,209.06
             302.46,208.64 305.01,215.14 313.00,214.73
             320.99,214.32 322.75,207.59 331.00,209.06
             338.97,210.49 337.62,217.61 343.90,216.46
             350.10,215.33 348.68,205.44 351.59,202.75
             353.82,200.70 358.20,201.78 361.00,202.00
             361.00,202.00 361.00,185.00 361.00,185.00
             352.42,185.59 355.60,185.20 349.00,181.00
             349.00,181.00 348.00,185.00 348.00,185.00
             346.72,183.82 345.50,182.52 344.00,181.61
             338.51,178.32 335.09,183.53 330.00,184.44
             330.00,184.44 321.00,184.44 321.00,184.44
             315.31,184.82 308.07,187.41 303.00,190.00
             303.00,190.00 304.00,181.00 304.00,181.00
             290.14,181.01 294.59,183.50 287.00,184.93
             287.00,184.93 280.00,184.93 280.00,184.93
             270.16,185.78 265.96,188.22 259.00,195.00
             255.80,186.17 248.86,189.76 242.00,192.00
             242.00,192.00 244.00,187.00 244.00,187.00
             241.38,186.24 236.44,185.19 234.59,183.30 Z
           M 177.00,185.00
           C 177.00,185.00 173.00,186.00 173.00,186.00
             173.00,186.00 174.00,181.00 174.00,181.00
             174.00,181.00 177.00,185.00 177.00,185.00 Z
           M 297.00,192.00
           C 294.77,188.27 295.67,187.41 298.00,184.00
             298.00,184.00 297.00,192.00 297.00,192.00 Z
           M 342.00,185.00
           C 342.00,185.00 343.00,188.00 343.00,188.00
             343.00,188.00 337.00,189.00 337.00,189.00
             337.00,189.00 342.00,185.00 342.00,185.00 Z
           M 207.00,187.00
           C 206.87,192.11 206.91,193.44 203.00,197.00
             203.00,197.00 205.00,187.00 205.00,187.00
             205.00,187.00 207.00,187.00 207.00,187.00 Z
           M 289.00,188.00
           C 286.95,193.71 286.28,194.83 281.00,198.00
             281.00,198.00 277.00,189.00 277.00,189.00
             277.00,189.00 289.00,188.00 289.00,188.00 Z
           M 166.00,201.00
           C 159.88,198.64 161.00,194.74 161.00,189.00
             166.02,193.06 165.94,194.86 166.00,201.00 Z
           M 229.00,189.00
           C 222.81,197.24 211.00,203.72 201.00,206.00
             201.00,206.00 201.00,202.00 201.00,202.00
             201.00,202.00 208.00,203.00 208.00,203.00
             208.00,203.00 208.00,199.00 208.00,199.00
             218.80,196.70 214.47,189.71 229.00,189.00 Z
           M 321.56,190.88
           C 324.15,192.86 323.86,198.14 320.70,199.23
             316.95,200.53 304.56,196.56 314.06,190.88
             316.39,190.17 319.39,189.48 321.56,190.88 Z
           M 358.00,196.00
           C 358.00,196.00 352.00,196.00 352.00,196.00
             352.00,196.00 356.00,190.00 356.00,190.00
             356.00,190.00 358.00,196.00 358.00,196.00 Z
           M 274.00,192.00
           C 274.00,192.00 277.00,200.00 277.00,200.00
             277.00,200.00 272.00,200.00 272.00,200.00
             272.00,200.00 272.00,192.00 272.00,192.00
             272.00,192.00 274.00,192.00 274.00,192.00 Z
           M 254.00,193.00
           C 254.00,193.00 253.00,197.00 253.00,197.00
             253.00,197.00 249.00,193.00 249.00,193.00
             249.00,193.00 254.00,193.00 254.00,193.00 Z
           M 267.00,194.00
           C 267.00,194.00 267.00,201.00 267.00,201.00
             267.00,201.00 277.00,204.00 277.00,204.00
             269.94,205.24 267.65,204.83 261.00,202.00
             261.00,202.00 265.00,194.00 265.00,194.00
             265.00,194.00 267.00,194.00 267.00,194.00 Z
           M 234.00,195.00
           C 234.00,195.00 235.00,199.00 235.00,199.00
             235.00,199.00 230.00,197.00 230.00,197.00
             230.00,197.00 234.00,195.00 234.00,195.00 Z
           M 248.00,199.00
           C 248.00,199.00 244.00,203.00 244.00,203.00
             244.00,203.00 243.00,198.00 243.00,198.00
             243.00,198.00 248.00,199.00 248.00,199.00 Z
           M 176.00,200.00
           C 176.00,200.00 173.00,203.00 173.00,203.00
             173.00,203.00 173.00,199.00 173.00,199.00
             173.00,199.00 176.00,200.00 176.00,200.00 Z
           M 197.00,212.00
           C 197.00,212.00 184.00,199.00 184.00,199.00
             193.24,199.03 199.39,201.13 197.00,212.00 Z
           M 206.00,211.00
           C 210.25,205.61 213.05,204.82 219.00,202.00
             222.50,211.69 212.03,211.00 206.00,211.00 Z
           M 232.89,205.65
           C 233.76,206.33 234.63,207.15 235.22,208.05
             240.61,216.82 223.00,219.28 225.69,208.05
             226.12,206.21 227.13,204.60 228.00,203.00
             229.69,203.77 231.42,204.48 232.89,205.65 Z
           M 319.00,204.00
           C 315.88,208.72 313.12,210.29 308.00,207.00
             308.00,207.00 319.00,204.00 319.00,204.00 Z
           M 274.00,210.00
           C 272.98,211.76 272.57,212.84 270.78,214.25
             266.74,216.82 255.33,216.55 251.02,214.25
             248.43,213.16 247.73,212.14 246.00,210.00
             256.24,205.03 263.62,206.99 274.00,210.00 Z" />
</svg>
