<?xml version="1.0" encoding="UTF-8" standalone="no"?>
<!DOCTYPE svg PUBLIC "-//W3C//DTD SVG 20010904//EN"
              "http://www.w3.org/TR/2001/REC-SVG-20010904/DTD/svg10.dtd">

<svg xmlns="http://www.w3.org/2000/svg"
     width="6.94444in" height="5.55556in"
     viewBox="0 0 500 400">
  <path id="Selection #5"
        fill="none" stroke="black" stroke-width="1"
        d="M 498.00,2.00
           C 498.00,2.00 499.00,20.00 499.00,20.00
             499.00,20.00 499.00,262.00 499.00,262.00
             499.00,262.00 500.00,277.00 500.00,277.00
             500.00,277.00 500.00,399.00 500.00,399.00
             500.00,399.00 1.96,399.00 1.96,399.00
             1.96,399.00 1.96,387.00 1.96,387.00
             1.96,387.00 1.00,375.00 1.00,375.00
             1.00,375.00 1.00,2.00 1.00,2.00
             1.00,2.00 498.00,2.00 498.00,2.00 Z
           M 233.35,113.00
           C 234.33,120.19 229.88,125.42 228.00,132.00
             234.19,130.94 235.47,125.72 235.91,120.00
             236.63,110.40 230.85,98.72 227.00,90.00
             225.01,96.22 232.39,106.00 233.35,113.00 Z
           M 163.00,99.00
           C 155.41,112.92 160.64,120.73 168.00,133.00
             168.00,133.00 148.00,134.00 148.00,134.00
             151.33,129.94 143.14,125.35 140.00,124.00
             140.00,124.00 146.00,135.00 146.00,135.00
             131.65,135.66 111.32,141.16 99.00,148.45
             94.68,151.01 92.00,152.99 88.92,157.01
             87.05,159.46 85.35,163.23 81.96,163.64
             80.17,163.86 75.98,162.38 74.00,161.90
             68.21,160.49 66.07,160.80 60.00,158.12
             60.00,158.12 49.00,152.00 49.00,152.00
             56.51,162.39 61.40,161.19 72.00,165.09
             72.00,165.09 83.00,170.00 83.00,170.00
             83.00,170.00 85.00,166.00 85.00,166.00
             85.00,166.00 82.33,172.00 82.33,172.00
             82.33,172.00 82.33,196.00 82.33,196.00
             82.33,196.00 84.00,206.00 84.00,206.00
             77.34,206.00 66.73,206.60 61.00,210.00
             61.00,210.00 79.00,209.26 79.00,209.26
             82.30,209.36 84.87,211.01 87.00,208.00
             89.89,215.14 92.87,216.45 97.71,222.00
             99.44,223.97 102.58,227.33 102.77,230.00
             102.97,232.78 98.41,240.08 97.00,243.00
             99.98,241.38 106.75,235.55 106.81,232.00
             106.84,230.25 105.82,229.32 105.00,228.00
             116.15,237.66 122.73,240.37 136.00,246.00
             134.02,248.78 131.69,252.30 128.91,254.30
             124.68,257.35 122.04,255.87 119.00,261.00
             119.00,261.00 132.99,255.44 132.99,255.44
             132.99,255.44 141.09,248.92 141.09,248.92
             141.09,248.92 149.00,250.58 149.00,250.58
             149.00,250.58 167.00,255.00 167.00,255.00
             167.00,255.00 158.12,272.00 158.12,272.00
             158.12,272.00 150.00,289.00 150.00,289.00
             155.12,285.72 156.49,278.89 159.68,274.00
             163.48,268.16 170.92,263.42 171.00,256.00
             176.40,257.97 182.33,258.96 188.00,259.92
             190.57,260.36 195.56,260.89 197.40,262.73
             199.44,264.76 199.01,269.28 199.00,272.00
             198.95,282.18 196.49,282.20 194.00,291.00
             201.34,284.70 200.11,279.32 201.30,271.00
             201.30,271.00 203.00,262.00 203.00,262.00
             203.00,262.00 219.00,264.83 219.00,264.83
             221.20,265.05 224.76,264.78 226.57,266.02
             229.56,268.08 228.58,272.31 229.63,276.00
             230.99,280.74 235.93,287.72 236.22,292.00
             237.34,299.47 231.95,305.99 236.22,313.00
             236.01,300.88 239.83,296.07 238.79,289.00
             238.18,284.85 235.49,280.90 233.88,277.00
             232.63,273.99 231.08,269.32 234.43,266.95
             236.89,265.34 241.22,266.57 244.00,266.95
             248.13,267.22 262.65,267.88 266.00,266.95
             266.00,274.49 263.53,284.28 271.00,289.00
             268.27,281.10 264.01,267.24 277.00,266.92
             277.00,266.92 289.00,266.92 289.00,266.92
             289.00,266.92 303.00,265.09 303.00,265.09
             314.39,264.31 326.35,264.48 337.00,260.00
             337.00,260.00 333.00,262.00 333.00,262.00
             335.80,270.40 336.92,275.01 335.82,284.00
             334.95,291.11 331.19,298.92 334.00,306.00
             334.46,295.96 337.21,291.55 338.56,283.00
             340.06,273.55 339.73,270.19 338.00,261.00
             338.00,261.00 362.96,255.97 362.96,255.97
             362.96,255.97 369.17,253.32 369.17,253.32
             369.17,253.32 378.00,250.95 378.00,250.95
             378.00,250.95 395.00,245.00 395.00,245.00
             396.15,250.71 396.75,259.86 402.00,263.00
             402.00,263.00 399.39,255.00 399.39,255.00
             399.39,255.00 398.00,243.00 398.00,243.00
             398.00,243.00 394.00,244.00 394.00,244.00
             398.21,240.18 399.02,242.98 405.00,238.47
             410.80,234.09 422.39,220.06 424.36,213.00
             425.27,209.76 424.65,206.33 425.00,203.00
             426.92,207.77 437.84,209.42 442.00,207.00
             442.00,207.00 434.00,205.10 434.00,205.10
             434.00,205.10 424.00,202.00 424.00,202.00
             423.99,186.46 419.81,181.41 414.00,168.00
             423.96,167.19 433.16,164.90 436.00,154.00
             436.00,154.00 429.83,159.20 429.83,159.20
             425.07,162.77 416.85,163.87 411.00,164.00
             411.00,164.00 411.00,165.00 411.00,165.00
             411.00,165.00 413.00,167.00 413.00,167.00
             405.61,158.46 403.75,154.27 393.00,149.00
             393.00,149.00 404.00,141.18 404.00,141.18
             404.00,141.18 418.00,135.00 418.00,135.00
             410.25,135.19 395.81,141.07 389.00,145.00
             389.00,145.00 389.00,147.00 389.00,147.00
             389.00,147.00 392.00,149.00 392.00,149.00
             381.15,141.87 378.48,143.06 367.00,139.88
             353.07,136.02 338.50,134.01 324.00,134.00
             327.17,117.12 342.43,114.48 349.00,110.00
             335.33,111.15 320.83,118.85 320.00,134.00
             320.00,134.00 323.00,135.00 323.00,135.00
             323.00,135.00 299.00,134.00 299.00,134.00
             301.16,123.31 306.59,111.87 293.00,106.00
             293.00,106.00 299.09,117.00 299.09,117.00
             299.09,117.00 294.00,134.00 294.00,134.00
             294.00,134.00 297.00,135.00 297.00,135.00
             283.76,132.63 269.43,134.63 256.00,134.13
             256.00,134.13 247.00,133.09 247.00,133.09
             247.00,133.09 234.00,132.41 234.00,132.41
             234.00,132.41 228.00,132.41 228.00,132.41
             228.00,132.41 215.00,131.12 215.00,131.12
             215.00,131.12 204.17,131.12 204.17,131.12
             198.64,129.56 196.74,122.65 195.00,118.00
             193.63,123.84 195.71,126.33 197.00,132.00
             197.00,132.00 173.00,133.00 173.00,133.00
             170.06,125.49 161.09,118.32 161.20,110.00
             161.24,106.45 163.58,102.29 165.00,99.00
             165.00,99.00 163.00,99.00 163.00,99.00 Z
           M 94.00,121.95
           C 90.46,119.69 87.31,116.93 83.00,118.00
             92.92,124.60 104.61,131.28 107.00,144.00
             107.00,144.00 111.00,143.00 111.00,143.00
             109.43,133.42 101.84,126.95 94.00,121.95 Z
           M 136.00,120.00
           C 136.00,120.00 137.00,121.00 137.00,121.00
             137.00,121.00 137.00,120.00 137.00,120.00
             137.00,120.00 136.00,120.00 136.00,120.00 Z
           M 137.00,121.00
           C 137.00,121.00 138.00,122.00 138.00,122.00
             138.00,122.00 138.00,121.00 138.00,121.00
             138.00,121.00 137.00,121.00 137.00,121.00 Z
           M 365.00,139.00
           C 365.00,139.00 369.00,140.00 369.00,140.00
             372.16,130.44 370.20,130.04 370.00,121.00
             370.00,121.00 365.00,139.00 365.00,139.00 Z
           M 138.00,122.00
           C 138.00,122.00 139.00,123.00 139.00,123.00
             139.00,123.00 139.00,122.00 139.00,122.00
             139.00,122.00 138.00,122.00 138.00,122.00 Z
           M 139.00,123.00
           C 139.00,123.00 140.00,124.00 140.00,124.00
             140.00,124.00 140.00,123.00 140.00,123.00
             140.00,123.00 139.00,123.00 139.00,123.00 Z
           M 259.00,123.00
           C 256.11,127.86 256.07,128.43 256.00,134.00
             256.00,134.00 258.00,134.00 258.00,134.00
             258.00,134.00 261.00,123.00 261.00,123.00
             261.00,123.00 259.00,123.00 259.00,123.00 Z
           M 86.00,206.00
           C 86.00,206.00 85.00,207.00 85.00,207.00
             85.00,207.00 85.00,206.00 85.00,206.00
             85.00,206.00 86.00,206.00 86.00,206.00 Z
           M 429.00,225.40
           C 423.95,222.97 420.29,221.88 417.00,227.00
             422.60,227.26 428.39,228.08 432.99,231.56
             438.50,235.73 438.53,239.21 445.00,243.00
             441.81,236.47 435.63,228.59 429.00,225.40 Z
           M 368.00,254.00
           C 368.00,254.00 371.36,264.00 371.36,264.00
             371.36,264.00 372.00,275.00 372.00,275.00
             373.63,266.87 375.72,261.03 372.00,253.00
             372.00,253.00 368.00,254.00 368.00,254.00 Z
           M 299.00,266.00
           C 299.53,269.91 300.98,275.38 300.79,279.00
             300.48,285.13 297.82,294.50 300.00,300.00
             300.65,286.10 305.60,285.73 303.00,266.00
             303.00,266.00 299.00,266.00 299.00,266.00 Z" />
</svg>
