<?xml version="1.0" encoding="UTF-8" standalone="no"?>
<!DOCTYPE svg PUBLIC "-//W3C//DTD SVG 20010904//EN"
              "http://www.w3.org/TR/2001/REC-SVG-20010904/DTD/svg10.dtd">

<svg xmlns="http://www.w3.org/2000/svg"
     width="6.94444in" height="5.55556in"
     viewBox="0 0 500 400">
  <path id="f25"
        fill="none" stroke="black" stroke-width="1"
        d="M 255.20,134.60
           C 255.20,134.60 258.40,134.80 258.40,134.80
             258.40,134.80 258.40,127.80 258.40,127.80
             258.40,127.80 261.20,122.40 261.20,122.40
             261.20,122.40 258.40,124.20 258.40,124.20
             258.40,124.20 255.80,128.60 255.80,128.60
             255.80,128.60 255.40,134.80 255.40,134.80M 225.80,133.60
           C 225.80,133.60 231.40,133.20 231.40,133.20
             231.40,133.20 233.80,128.00 233.80,128.00
             233.80,128.00 235.60,122.60 235.60,122.60
             235.60,122.60 235.60,113.00 235.60,113.00
             235.60,113.00 234.60,109.80 234.60,109.80
             234.60,109.80 233.00,104.20 233.00,104.20
             233.00,104.20 230.00,98.00 230.00,98.00
             230.00,98.00 228.20,93.00 228.20,93.00
             228.20,93.00 226.80,88.40 226.80,88.40
             226.80,88.40 226.00,92.40 226.00,92.40
             226.00,92.40 227.80,96.80 227.80,96.80
             227.80,96.80 229.20,101.80 229.20,101.80
             229.20,101.80 232.00,106.20 232.00,106.20
             232.00,106.20 233.60,113.60 233.60,113.60
             233.60,113.60 233.60,118.20 233.60,118.20
             233.60,118.20 232.20,122.60 232.20,122.60
             232.20,122.60 226.40,134.00 226.40,134.00M 197.20,132.40
           C 197.20,132.40 202.80,132.00 202.80,132.00
             202.80,132.00 196.80,124.80 196.80,124.80
             196.80,124.80 195.20,120.60 195.20,120.60
             195.20,120.60 197.00,116.60 197.00,116.60
             197.00,116.60 194.20,118.80 194.20,118.80
             194.20,118.80 194.20,122.40 194.20,122.40
             194.20,122.40 195.80,127.40 195.80,127.40
             195.80,127.40 197.80,133.00 197.80,133.00M 167.60,133.20
           C 167.60,133.20 174.00,132.80 174.00,132.80
             174.00,132.80 166.20,122.80 166.20,122.80
             166.20,122.80 161.60,115.40 161.60,115.40
             161.60,115.40 160.80,107.60 160.80,107.60
             160.80,107.60 163.00,102.80 163.00,102.80
             163.00,102.80 165.40,98.40 165.40,98.40
             165.40,98.40 162.60,99.80 162.60,99.80
             162.60,99.80 160.20,104.20 160.20,104.20
             160.20,104.20 159.00,111.80 159.00,111.80
             159.00,111.80 160.40,119.00 160.40,119.00
             160.40,119.00 163.00,124.20 163.00,124.20
             163.00,124.20 168.60,133.40 168.60,133.40M 145.80,134.80
           C 145.80,134.80 151.00,134.60 151.00,134.60
             151.00,134.60 147.40,128.80 147.40,128.80
             147.40,128.80 139.60,123.00 139.60,123.00
             139.60,123.00 136.00,119.00 136.00,119.00
             136.00,119.00 134.80,118.60 134.80,118.60
             134.80,118.60 141.00,126.00 141.00,126.00
             141.00,126.00 144.20,129.60 144.20,129.60
             144.20,129.60 146.80,134.80 146.80,134.80M 106.60,145.80
           C 106.60,145.80 111.40,143.40 111.40,143.40
             111.40,143.40 109.80,137.80 109.80,137.80
             109.80,137.80 107.60,134.00 107.60,134.00
             107.60,134.00 102.80,129.20 102.80,129.20
             102.80,129.20 97.60,124.40 97.60,124.40
             97.60,124.40 92.80,121.60 92.80,121.60
             92.80,121.60 88.80,118.80 88.80,118.80
             88.80,118.80 85.20,117.40 85.20,117.40
             85.20,117.40 79.40,115.40 79.40,115.40
             79.40,115.40 87.20,120.60 87.20,120.60
             87.20,120.60 94.00,124.60 94.00,124.60
             94.00,124.60 99.40,129.40 99.40,129.40
             99.40,129.40 103.80,134.80 103.80,134.80
             103.80,134.80 106.60,139.60 106.60,139.60
             106.60,139.60 107.00,145.80 107.00,145.80M 83.20,171.40
           C 83.20,171.40 85.20,166.00 85.20,166.00
             85.20,166.00 78.80,163.40 78.80,163.40
             78.80,163.40 73.00,161.60 73.00,161.60
             73.00,161.60 68.80,161.00 68.80,161.00
             68.80,161.00 64.60,160.20 64.60,160.20
             64.60,160.20 61.60,159.00 61.60,159.00
             61.60,159.00 58.40,157.80 58.40,157.80
             58.40,157.80 55.40,156.40 55.40,156.40
             55.40,156.40 53.20,155.20 53.20,155.20
             53.20,155.20 50.40,152.20 50.40,152.20
             50.40,152.20 48.60,152.20 48.60,152.20
             48.60,152.20 55.00,158.60 55.00,158.60
             55.00,158.60 59.60,161.20 59.60,161.20
             59.60,161.20 66.20,163.40 66.20,163.40
             66.20,163.40 72.80,164.80 72.80,164.80
             72.80,164.80 84.00,171.20 84.00,171.20M 85.00,205.00
           C 85.00,205.00 88.40,210.60 88.40,210.60
             88.40,210.60 79.60,209.00 79.60,209.00
             79.60,209.00 73.20,209.60 73.20,209.60
             73.20,209.60 68.20,208.80 68.20,208.80
             68.20,208.80 63.80,210.00 63.80,210.00
             63.80,210.00 59.40,210.20 59.40,210.20
             59.40,210.20 65.20,208.20 65.20,208.20
             65.20,208.20 70.60,206.80 70.60,206.80
             70.60,206.80 85.60,205.60 85.60,205.60M 104.80,228.00
           C 104.80,228.00 109.20,230.60 109.20,230.60
             109.20,230.60 98.40,242.80 98.40,242.80
             98.40,242.80 97.00,243.20 97.00,243.20
             97.00,243.20 105.20,228.20 105.20,228.20M 136.00,245.40
           C 136.00,245.40 140.20,247.00 140.20,247.00
             140.20,247.00 135.00,253.80 135.00,253.80
             135.00,253.80 132.20,256.40 132.20,256.40
             132.20,256.40 125.20,258.40 125.20,258.40
             125.20,258.40 117.80,261.20 117.80,261.20
             117.80,261.20 121.20,257.60 121.20,257.60
             121.20,257.60 126.20,256.20 126.20,256.20
             126.20,256.20 130.40,254.20 130.40,254.20
             130.40,254.20 136.60,245.60 136.60,245.60M 167.60,255.00
           C 167.60,255.00 172.40,256.20 172.40,256.20
             172.40,256.20 170.00,261.20 170.00,261.20
             170.00,261.20 165.40,266.20 165.40,266.20
             165.40,266.20 162.00,271.00 162.00,271.00
             162.00,271.00 159.20,273.40 159.20,273.40
             159.20,273.40 157.40,278.20 157.40,278.20
             157.40,278.20 154.80,282.80 154.80,282.80
             154.80,282.80 153.00,286.00 153.00,286.00
             153.00,286.00 151.20,289.00 151.20,289.00
             151.20,289.00 149.80,289.40 149.80,289.40M 155.00,278.80
           C 155.00,278.80 157.40,273.60 157.40,273.60
             157.40,273.60 160.60,267.80 160.60,267.80
             160.60,267.80 168.40,255.20 168.40,255.20M 198.80,261.40
           C 198.80,261.40 203.20,262.20 203.20,262.20
             203.20,262.20 201.40,269.20 201.40,269.20
             201.40,269.20 201.20,274.80 201.20,274.80
             201.20,274.80 201.20,278.80 201.20,278.80
             201.20,278.80 199.40,281.80 199.40,281.80
             199.40,281.80 199.00,285.00 199.00,285.00
             199.00,285.00 196.00,289.40 196.00,289.40
             196.00,289.40 193.20,292.20 193.20,292.20
             193.20,292.20 195.80,286.20 195.80,286.20
             195.80,286.20 198.80,279.20 198.80,279.20
             198.80,279.20 198.60,273.40 198.60,273.40
             198.60,273.40 199.00,261.00 199.00,261.00M 228.40,265.40
           C 228.40,265.40 232.80,265.40 232.80,265.40
             232.80,265.40 231.80,272.60 231.80,272.60
             231.80,272.60 235.20,280.80 235.20,280.80
             235.20,280.80 238.60,287.40 238.60,287.40
             238.60,287.40 239.20,293.80 239.20,293.80
             239.20,293.80 238.00,297.60 238.00,297.60
             238.00,297.60 237.00,301.60 237.00,301.60
             237.00,301.60 236.00,305.20 236.00,305.20
             236.00,305.20 235.60,308.60 235.60,308.60
             235.60,308.60 235.80,313.60 235.80,313.60
             235.80,313.60 235.60,313.80 235.60,313.80
             235.60,313.80 234.00,308.40 234.00,308.40
             234.00,308.40 236.00,299.40 236.00,299.40
             236.00,299.40 237.00,291.40 237.00,291.40
             237.00,291.40 235.00,286.80 235.00,286.80
             235.00,286.80 232.00,281.20 232.00,281.20
             232.00,281.20 229.20,275.60 229.20,275.60
             229.20,275.60 228.40,265.40 228.40,265.40M 265.80,267.00
           C 265.80,267.00 270.00,267.00 270.00,267.00
             270.00,267.00 268.40,273.80 268.40,273.80
             268.40,273.80 268.00,278.60 268.00,278.60
             268.00,278.60 267.60,281.20 267.60,281.20
             267.60,281.20 268.40,283.20 268.40,283.20
             268.40,283.20 270.40,287.40 270.40,287.40
             270.40,287.40 270.80,288.40 270.80,288.40
             270.80,288.40 270.20,290.40 270.20,290.40
             270.20,290.40 268.20,286.40 268.20,286.40
             268.20,286.40 266.00,283.00 266.00,283.00
             266.00,283.00 265.40,279.80 265.40,279.80
             265.40,279.80 266.00,267.20 266.00,267.20M 298.40,264.60
           C 298.40,264.60 303.20,264.60 303.20,264.60
             303.20,264.60 303.60,272.20 303.60,272.20
             303.60,272.20 304.20,277.00 304.20,277.00
             304.20,277.00 303.00,280.00 303.00,280.00
             303.00,280.00 303.40,284.40 303.40,284.40
             303.40,284.40 302.20,287.80 302.20,287.80
             302.20,287.80 301.00,291.40 301.00,291.40
             301.00,291.40 300.20,296.20 300.20,296.20
             300.20,296.20 300.20,300.60 300.20,300.60
             300.20,300.60 298.80,298.80 298.80,298.80
             298.80,298.80 298.80,294.00 298.80,294.00
             298.80,294.00 300.00,288.40 300.00,288.40
             300.00,288.40 300.60,281.20 300.60,281.20
             300.60,281.20 300.60,274.40 300.60,274.40
             300.60,274.40 298.80,264.80 298.80,264.80M 333.20,261.00
           C 333.20,261.00 337.20,260.00 337.20,260.00
             337.20,260.00 339.20,265.60 339.20,265.60
             339.20,265.60 339.60,270.60 339.60,270.60
             339.60,270.60 339.40,275.40 339.40,275.40
             339.40,275.40 338.60,281.40 338.60,281.40
             338.60,281.40 338.20,286.20 338.20,286.20
             338.20,286.20 336.80,290.40 336.80,290.40
             336.80,290.40 335.80,293.60 335.80,293.60
             335.80,293.60 334.40,300.60 334.40,300.60
             334.40,300.60 333.80,306.80 333.80,306.80
             333.80,306.80 332.60,302.60 332.60,302.60
             332.60,302.60 333.40,296.80 333.40,296.80
             333.40,296.80 334.00,291.00 334.00,291.00
             334.00,291.00 335.60,286.60 335.60,286.60
             335.60,286.60 336.20,280.40 336.20,280.40
             336.20,280.40 336.60,276.40 336.60,276.40
             336.60,276.40 336.20,272.00 336.20,272.00
             336.20,272.00 335.20,268.20 335.20,268.20
             335.20,268.20 333.00,261.00 333.00,261.00M 367.00,253.40
           C 367.00,253.40 371.40,252.00 371.40,252.00
             371.40,252.00 373.60,256.60 373.60,256.60
             373.60,256.60 374.40,262.40 374.40,262.40
             374.40,262.40 373.80,266.00 373.80,266.00
             373.80,266.00 373.20,269.60 373.20,269.60
             373.20,269.60 372.40,272.40 372.40,272.40
             372.40,272.40 371.40,276.20 371.40,276.20
             371.40,276.20 370.60,273.20 370.60,273.20
             370.60,273.20 370.60,271.00 370.60,271.00
             370.60,271.00 371.80,265.40 371.80,265.40
             371.80,265.40 371.20,259.80 371.20,259.80
             371.20,259.80 367.20,253.80 367.20,253.80M 393.20,243.00
           C 393.20,243.00 398.00,240.80 398.00,240.80
             398.00,240.80 398.40,245.20 398.40,245.20
             398.40,245.20 399.20,250.00 399.20,250.00
             399.20,250.00 399.00,254.20 399.00,254.20
             399.00,254.20 399.60,257.80 399.60,257.80
             399.60,257.80 401.80,261.80 401.80,261.80
             401.80,261.80 402.40,263.00 402.40,263.00
             402.40,263.00 400.00,262.60 400.00,262.60
             400.00,262.60 398.20,259.20 398.20,259.20
             398.20,259.20 396.80,253.00 396.80,253.00
             396.80,253.00 395.80,247.40 395.80,247.40
             395.80,247.40 393.40,242.80 393.40,242.80M 415.40,226.80
           C 415.40,226.80 417.60,223.20 417.60,223.20
             417.60,223.20 424.80,223.60 424.80,223.60
             424.80,223.60 430.80,226.20 430.80,226.20
             430.80,226.20 434.80,229.40 434.80,229.40
             434.80,229.40 439.00,233.80 439.00,233.80
             439.00,233.80 441.80,239.00 441.80,239.00
             441.80,239.00 445.00,241.60 445.00,241.60
             445.00,241.60 446.20,244.00 446.20,244.00
             446.20,244.00 442.40,241.60 442.40,241.60
             442.40,241.60 435.60,233.20 435.60,233.20
             435.60,233.20 431.00,229.40 431.00,229.40
             431.00,229.40 424.60,227.60 424.60,227.60
             424.60,227.60 415.20,227.00 415.20,227.00M 423.60,200.40
           C 423.60,200.40 423.80,206.00 423.80,206.00
             423.80,206.00 428.40,206.40 428.40,206.40
             428.40,206.40 433.20,207.40 433.20,207.40
             433.20,207.40 438.80,208.60 438.80,208.60
             438.80,208.60 443.40,207.80 443.40,207.80
             443.40,207.80 439.00,206.20 439.00,206.20
             439.00,206.20 434.20,205.60 434.20,205.60
             434.20,205.60 423.60,201.00 423.60,201.00M 409.20,163.80
           C 409.20,163.80 413.20,168.00 413.20,168.00
             413.20,168.00 422.20,167.00 422.20,167.00
             422.20,167.00 427.20,165.20 427.20,165.20
             427.20,165.20 431.40,162.00 431.40,162.00
             431.40,162.00 434.60,158.60 434.60,158.60
             434.60,158.60 436.00,155.20 436.00,155.20
             436.00,155.20 436.80,152.80 436.80,152.80
             436.80,152.80 434.60,154.60 434.60,154.60
             434.60,154.60 431.20,159.00 431.20,159.00
             431.20,159.00 426.20,161.80 426.20,161.80
             426.20,161.80 419.20,163.40 419.20,163.40
             419.20,163.40 409.20,164.20 409.20,164.20M 387.20,146.80
           C 387.20,146.80 391.80,149.20 391.80,149.20
             391.80,149.20 402.40,141.40 402.40,141.40
             402.40,141.40 413.40,137.40 413.40,137.40
             413.40,137.40 416.60,136.20 416.60,136.20
             416.60,136.20 420.40,134.60 420.40,134.60
             420.40,134.60 413.40,135.20 413.40,135.20
             413.40,135.20 407.40,137.40 407.40,137.40
             407.40,137.40 401.60,139.60 401.60,139.60
             401.60,139.60 394.00,142.00 394.00,142.00
             394.00,142.00 387.20,147.00 387.20,147.00M 364.80,139.80
           C 364.80,139.80 368.60,141.40 368.60,141.40
             368.60,141.40 370.20,137.20 370.20,137.20
             370.20,137.20 370.80,131.40 370.80,131.40
             370.80,131.40 370.40,126.80 370.40,126.80
             370.40,126.80 370.40,122.60 370.40,122.60
             370.40,122.60 368.60,120.00 368.60,120.00
             368.60,120.00 368.60,122.60 368.60,122.60
             368.60,122.60 368.40,124.20 368.40,124.20
             368.40,124.20 368.00,127.20 368.00,127.20
             368.00,127.20 367.20,132.20 367.20,132.20
             367.20,132.20 365.00,140.00 365.00,140.00M 319.20,135.00
           C 319.20,135.00 323.20,135.20 323.20,135.20
             323.20,135.20 324.20,130.40 324.20,130.40
             324.20,130.40 325.80,127.00 325.80,127.00
             325.80,127.00 328.20,123.20 328.20,123.20
             328.20,123.20 330.80,120.00 330.80,120.00
             330.80,120.00 335.00,117.00 335.00,117.00
             335.00,117.00 339.20,114.60 339.20,114.60
             339.20,114.60 342.80,112.60 342.80,112.60
             342.80,112.60 345.60,112.00 345.60,112.00
             345.60,112.00 349.20,110.40 349.20,110.40
             349.20,110.40 351.20,109.40 351.20,109.40
             351.20,109.40 345.60,110.40 345.60,110.40
             345.60,110.40 342.00,111.20 342.00,111.20
             342.00,111.20 335.40,113.40 335.40,113.40
             335.40,113.40 330.60,116.40 330.60,116.40
             330.60,116.40 325.60,120.40 325.60,120.40
             325.60,120.40 322.40,124.40 322.40,124.40
             322.40,124.40 320.40,129.20 320.40,129.20
             320.40,129.20 319.60,135.00 319.60,135.00M 294.00,134.80
           C 294.00,134.80 295.20,129.80 295.20,129.80
             295.20,129.80 297.40,124.40 297.40,124.40
             297.40,124.40 299.80,120.80 299.80,120.80
             299.80,120.80 299.60,116.80 299.60,116.80
             299.60,116.80 298.00,113.40 298.00,113.40
             298.03,113.26 296.34,110.05 296.20,110.80
             296.20,110.80 294.40,108.60 294.40,108.60
             294.40,108.60 292.20,106.00 292.20,106.00
             292.20,106.00 296.00,106.80 296.00,106.80
             296.00,106.80 299.80,111.40 299.80,111.40
             299.80,111.40 301.60,114.40 301.60,114.40
             301.60,114.40 302.20,119.00 302.20,119.00
             302.20,119.00 302.20,122.60 302.20,122.60
             302.20,122.60 301.00,125.60 301.00,125.60
             301.00,125.60 300.20,128.40 300.20,128.40
             300.20,128.40 299.20,131.60 299.20,131.60
             299.20,131.60 298.60,134.60 298.60,134.60
             298.60,134.60 294.00,135.20 294.00,135.20" />
</svg>
