<?xml version="1.0" encoding="UTF-8" standalone="no"?>
<!DOCTYPE svg PUBLIC "-//W3C//DTD SVG 20010904//EN"
              "http://www.w3.org/TR/2001/REC-SVG-20010904/DTD/svg10.dtd">

<svg xmlns="http://www.w3.org/2000/svg"
     width="6.94444in" height="5.55556in"
     viewBox="0 0 500 400">
  <path id="U2"
        fill="none" stroke="black" stroke-width="1"
        d="M 90.20,197.40
           C 90.20,197.40 94.60,206.80 94.60,206.80
             94.60,206.80 100.20,214.00 100.20,214.00
             100.20,214.00 107.60,221.40 107.60,221.40
             107.60,221.40 119.20,229.60 119.20,229.60
             119.20,229.60 130.60,236.00 130.60,236.00
             130.60,236.00 144.60,242.00 144.60,242.00
             144.60,242.00 158.60,246.20 158.60,246.20
             158.60,246.20 177.00,250.80 177.00,250.80
             177.00,250.80 199.20,254.40 199.20,254.40
             199.20,254.40 218.40,257.20 218.40,257.20
             218.40,257.20 239.60,259.00 239.60,259.00
             239.60,259.00 264.20,259.80 264.20,259.80
             264.20,259.80 290.40,259.20 290.40,259.20
             290.40,259.20 314.80,257.00 314.80,257.00
             314.80,257.00 338.80,253.00 338.80,253.00
             338.80,253.00 352.80,250.60 352.80,250.60
             352.80,250.60 371.80,245.40 371.80,245.40
             371.80,245.40 385.80,239.80 385.80,239.80
             385.80,239.80 398.00,233.20 398.00,233.20
             398.00,233.20 408.20,224.20 408.20,224.20
             408.20,224.20 415.60,211.60 415.60,211.60
             415.60,211.60 416.60,201.40 416.60,201.40
             416.60,201.40 415.40,194.40 415.40,194.40
             415.40,194.40 413.60,189.00 413.60,189.00
             413.60,189.00 411.20,182.20 411.20,182.20
             411.20,182.20 407.60,175.60 407.60,175.60
             407.60,175.60 402.60,168.40 402.60,168.40
             402.60,168.40 399.20,164.00 399.20,164.00
             399.20,164.00 393.40,158.60 393.40,158.60
             393.40,158.60 386.60,154.60 386.60,154.60
             386.60,154.60 378.00,150.20 378.00,150.20
             378.00,150.20 368.20,148.00 368.20,148.00
             368.20,148.00 359.80,145.20 359.80,145.20
             359.80,145.20 349.80,143.60 349.80,143.60
             349.80,143.60 340.60,142.20 340.60,142.20
             340.60,142.20 323.60,141.80 323.60,141.80
             323.60,141.80 293.80,141.20 293.80,141.20
             293.80,141.20 240.80,140.80 240.80,140.80
             240.80,140.80 202.00,138.80 202.00,138.80
             202.00,138.80 178.40,139.80 178.40,139.80
             178.40,139.80 161.00,140.40 161.00,140.40
             161.00,140.40 142.00,142.40 142.00,142.40
             142.00,142.40 127.80,145.00 127.80,145.00
             127.80,145.00 115.80,148.00 115.80,148.00
             115.80,148.00 106.80,151.40 106.80,151.40
             106.80,151.40 98.20,157.80 98.20,157.80
             98.20,157.80 92.40,164.40 92.40,164.40
             92.40,164.40 89.80,173.40 89.80,173.40
             89.80,173.40 88.80,182.20 88.80,182.20
             88.80,182.20 90.40,198.20 90.40,198.20M 104.40,228.60
           C 104.40,228.60 88.20,211.80 88.20,211.80
             88.20,211.80 84.60,205.80 84.60,205.80
             84.60,205.80 82.00,196.40 82.00,196.40
             82.00,196.40 81.80,174.40 81.80,174.40
             81.80,174.40 82.40,170.60 82.40,170.60
             82.40,170.60 84.00,165.20 84.00,165.20
             84.00,165.20 87.60,159.00 87.60,159.00
             87.60,159.00 92.80,152.60 92.80,152.60
             92.80,152.60 100.00,148.00 100.00,148.00
             100.00,148.00 105.80,144.80 105.80,144.80
             105.80,144.80 111.80,142.60 111.80,142.60
             111.80,142.60 117.80,140.60 117.80,140.60
             117.80,140.60 123.60,138.40 123.60,138.40
             123.60,138.40 132.60,136.80 132.60,136.80
             132.60,136.80 143.40,135.00 143.40,135.00
             143.40,135.00 151.20,133.60 151.20,133.60
             151.20,133.60 158.80,133.80 158.80,133.80
             158.80,133.80 165.60,132.80 165.60,132.80
             165.60,132.80 177.00,132.20 177.00,132.20
             177.00,132.20 186.20,132.00 186.20,132.00
             186.20,132.00 194.20,131.40 194.20,131.40
             194.20,131.40 201.40,131.80 201.40,131.80
             201.40,131.80 209.80,131.40 209.80,131.40
             209.80,131.40 217.60,131.20 217.60,131.20
             217.60,131.20 225.20,132.00 225.20,132.00
             225.20,132.00 234.40,132.40 234.40,132.40
             234.40,132.40 240.40,132.80 240.40,132.80
             240.40,132.80 247.80,133.40 247.80,133.40
             247.80,133.40 256.20,133.80 256.20,133.80
             256.20,133.80 264.00,134.00 264.00,134.00
             264.00,134.00 273.80,134.40 273.80,134.40
             273.80,134.40 285.20,134.40 285.20,134.40
             285.20,134.40 294.20,134.40 294.20,134.40
             294.20,134.40 304.20,134.40 304.20,134.40
             304.20,134.40 318.20,134.20 318.20,134.20
             318.20,134.20 324.20,134.40 324.20,134.40
             324.20,134.40 332.00,134.40 332.00,134.40
             332.00,134.40 339.00,135.00 339.00,135.00
             339.00,135.00 349.20,135.80 349.20,135.80
             349.20,135.80 357.60,137.40 357.60,137.40
             357.60,137.40 365.00,138.60 365.00,138.60
             365.00,138.60 372.80,141.00 372.80,141.00
             372.80,141.00 385.20,144.60 385.20,144.60
             385.20,144.60 389.80,147.40 389.80,147.40
             389.80,147.40 398.00,151.80 398.00,151.80
             398.00,151.80 404.20,156.80 404.20,156.80
             404.20,156.80 408.60,162.00 408.60,162.00
             408.60,162.00 413.00,167.00 413.00,167.00
             413.00,167.00 418.60,177.60 418.60,177.60
             418.60,177.60 421.60,186.00 421.60,186.00
             421.60,186.00 424.00,195.00 424.00,195.00
             424.00,195.00 424.40,200.60 424.40,200.60
             424.40,200.60 424.60,206.00 424.60,206.00
             424.60,206.00 424.60,212.60 424.60,212.60
             424.60,212.60 422.80,216.80 422.80,216.80
             422.80,216.80 420.20,221.00 420.20,221.00
             420.20,221.00 418.60,224.20 418.60,224.20
             418.60,224.20 415.40,228.40 415.40,228.40
             415.40,228.40 411.40,232.20 411.40,232.20
             411.40,232.20 405.80,237.80 405.80,237.80
             405.80,237.80 399.40,241.80 399.40,241.80
             399.40,241.80 396.00,243.60 396.00,243.60
             396.00,243.60 387.80,247.40 387.80,247.40
             387.80,247.40 374.40,252.00 374.40,252.00
             374.40,252.00 366.00,254.80 366.00,254.80
             366.00,254.80 357.00,257.60 357.00,257.60
             357.00,257.60 344.40,260.00 344.40,260.00
             344.40,260.00 332.00,262.40 332.00,262.40
             332.00,262.40 320.80,263.60 320.80,263.60
             320.80,263.60 306.80,265.20 306.80,265.20
             306.80,265.20 298.60,265.80 298.60,265.80
             298.60,265.80 285.80,267.00 285.80,267.00
             285.80,267.00 275.00,266.60 275.00,266.60
             275.00,266.60 264.00,267.60 264.00,267.60
             264.00,267.60 249.40,267.20 249.40,267.20
             249.40,267.20 232.40,265.60 232.40,265.60
             232.40,265.60 220.20,265.00 220.20,265.00
             220.20,265.00 206.60,262.80 206.60,262.80
             206.60,262.80 194.20,261.00 194.20,261.00
             194.20,261.00 172.40,256.80 172.40,256.80
             172.40,256.80 154.40,252.00 154.40,252.00
             154.40,252.00 141.40,248.00 141.40,248.00
             141.40,248.00 135.60,245.80 135.60,245.80
             135.60,245.80 128.20,242.40 128.20,242.40
             128.20,242.40 118.20,237.60 118.20,237.60
             118.20,237.60 104.40,228.60 104.40,228.60" />
</svg>
