<?xml version="1.0" encoding="UTF-8" standalone="no"?>
<!DOCTYPE svg PUBLIC "-//W3C//DTD SVG 20010904//EN"
              "http://www.w3.org/TR/2001/REC-SVG-20010904/DTD/svg10.dtd">

<svg xmlns="http://www.w3.org/2000/svg"
     width="6.94444in" height="5.55556in"
     viewBox="0 0 500 400">
  <path id="U3"
        fill="none" stroke="black" stroke-width="1"
        d="M 97.80,180.20
           C 97.80,180.20 99.00,173.20 99.00,173.20
             99.00,173.20 101.60,166.60 101.60,166.60
             101.60,166.60 107.80,161.40 107.80,161.40
             107.80,161.40 117.40,155.60 117.40,155.60
             117.40,155.60 129.80,151.60 129.80,151.60
             129.80,151.60 145.60,149.40 145.60,149.40
             145.60,149.40 163.60,147.40 163.60,147.40
             163.60,147.40 179.60,147.40 179.60,147.40
             179.60,147.40 198.40,147.20 198.40,147.20
             198.40,147.20 221.00,147.80 221.00,147.80
             221.00,147.80 237.60,147.80 237.60,147.80
             237.60,147.80 266.60,148.60 266.60,148.60
             266.60,148.60 293.60,148.80 293.60,148.80
             293.60,148.80 321.40,148.40 321.40,148.40
             321.40,148.40 335.40,148.80 335.40,148.80
             335.40,148.80 349.00,149.80 349.00,149.80
             349.00,149.80 361.20,152.20 361.20,152.20
             361.20,152.20 373.40,156.00 373.40,156.00
             373.40,156.00 385.20,160.80 385.20,160.80
             385.20,160.80 393.00,167.00 393.00,167.00
             393.00,167.00 399.00,174.20 399.00,174.20
             399.00,174.20 404.60,183.40 404.60,183.40
             404.60,183.40 407.60,192.80 407.60,192.80
             407.60,192.80 408.80,201.00 408.80,201.00
             408.80,201.00 407.80,209.40 407.80,209.40
             407.80,209.40 404.20,217.40 404.20,217.40
             404.20,217.40 397.80,224.40 397.80,224.40
             397.80,224.40 388.80,230.40 388.80,230.40
             388.80,230.40 376.00,236.00 376.00,236.00
             376.00,236.00 363.80,240.00 363.80,240.00
             363.80,240.00 347.40,243.80 347.40,243.80
             347.40,243.80 331.80,245.80 331.80,245.80
             331.80,245.80 313.40,248.20 313.40,248.20
             313.40,248.20 295.00,248.80 295.00,248.80
             295.00,248.80 268.40,249.80 268.40,249.80
             268.40,249.80 238.20,249.00 238.20,249.00
             238.20,249.00 215.20,247.40 215.20,247.40
             215.20,247.40 199.60,245.40 199.60,245.40
             199.60,245.40 184.60,243.00 184.60,243.00
             184.60,243.00 169.40,239.40 169.40,239.40
             169.40,239.40 153.80,235.60 153.80,235.60
             153.80,235.60 139.40,230.60 139.40,230.60
             139.40,230.60 127.00,225.20 127.00,225.20
             127.00,225.20 116.60,218.40 116.60,218.40
             116.60,218.40 107.60,210.00 107.60,210.00
             107.60,210.00 101.40,201.00 101.40,201.00
             101.40,201.00 98.60,193.80 98.60,193.80
             98.60,193.80 97.60,180.20 97.60,180.20M 90.20,197.40
           C 90.20,197.40 94.60,206.80 94.60,206.80
             94.60,206.80 100.20,214.00 100.20,214.00
             100.20,214.00 107.60,221.40 107.60,221.40
             107.60,221.40 119.20,229.60 119.20,229.60
             119.20,229.60 130.60,236.00 130.60,236.00
             130.60,236.00 144.60,242.00 144.60,242.00
             144.60,242.00 158.60,246.20 158.60,246.20
             158.60,246.20 177.00,250.80 177.00,250.80
             177.00,250.80 199.20,254.40 199.20,254.40
             199.20,254.40 218.40,257.20 218.40,257.20
             218.40,257.20 239.60,259.00 239.60,259.00
             239.60,259.00 264.20,259.80 264.20,259.80
             264.20,259.80 290.40,259.20 290.40,259.20
             290.40,259.20 314.80,257.00 314.80,257.00
             314.80,257.00 338.80,253.00 338.80,253.00
             338.80,253.00 352.80,250.60 352.80,250.60
             352.80,250.60 371.80,245.40 371.80,245.40
             371.80,245.40 385.80,239.80 385.80,239.80
             385.80,239.80 398.00,233.20 398.00,233.20
             398.00,233.20 408.20,224.20 408.20,224.20
             408.20,224.20 415.60,211.60 415.60,211.60
             415.60,211.60 416.60,201.40 416.60,201.40
             416.60,201.40 415.40,194.40 415.40,194.40
             415.40,194.40 413.60,189.00 413.60,189.00
             413.60,189.00 411.20,182.20 411.20,182.20
             411.20,182.20 407.60,175.60 407.60,175.60
             407.60,175.60 402.60,168.40 402.60,168.40
             402.60,168.40 399.20,164.00 399.20,164.00
             399.20,164.00 393.40,158.60 393.40,158.60
             393.40,158.60 386.60,154.60 386.60,154.60
             386.60,154.60 378.00,150.20 378.00,150.20
             378.00,150.20 368.20,148.00 368.20,148.00
             368.20,148.00 359.80,145.20 359.80,145.20
             359.80,145.20 349.80,143.60 349.80,143.60
             349.80,143.60 340.60,142.20 340.60,142.20
             340.60,142.20 323.60,141.80 323.60,141.80
             323.60,141.80 293.80,141.20 293.80,141.20
             293.80,141.20 240.80,140.80 240.80,140.80
             240.80,140.80 202.00,138.80 202.00,138.80
             202.00,138.80 178.40,139.80 178.40,139.80
             178.40,139.80 161.00,140.40 161.00,140.40
             161.00,140.40 142.00,142.40 142.00,142.40
             142.00,142.40 127.80,145.00 127.80,145.00
             127.80,145.00 115.80,148.00 115.80,148.00
             115.80,148.00 106.80,151.40 106.80,151.40
             106.80,151.40 98.20,157.80 98.20,157.80
             98.20,157.80 92.40,164.40 92.40,164.40
             92.40,164.40 89.80,173.40 89.80,173.40
             89.80,173.40 88.80,182.20 88.80,182.20
             88.80,182.20 90.40,198.20 90.40,198.20" />
</svg>
