<?xml version="1.0" encoding="UTF-8" standalone="no"?>
<!DOCTYPE svg PUBLIC "-//W3C//DTD SVG 20010904//EN"
              "http://www.w3.org/TR/2001/REC-SVG-20010904/DTD/svg10.dtd">

<svg xmlns="http://www.w3.org/2000/svg"
     width="6.94444in" height="5.55556in"
     viewBox="0 0 500 400">
  <path id="Selection #7"
        fill="blue" stroke="black" stroke-width="1"
        d="M 202.00,147.21
           C 202.00,147.21 219.00,148.00 219.00,148.00
             219.00,148.00 254.00,148.00 254.00,148.00
             254.00,148.00 271.00,149.00 271.00,149.00
             271.00,149.00 306.00,149.00 306.00,149.00
             306.00,149.00 318.00,148.02 318.00,148.02
             318.00,148.02 334.00,149.00 334.00,149.00
             350.25,149.03 369.58,152.56 384.00,160.32
             406.56,172.46 421.09,210.25 393.00,227.94
             364.57,245.83 317.01,248.62 284.00,249.00
             284.00,249.00 274.00,249.95 274.00,249.95
             274.00,249.95 262.00,249.95 262.00,249.95
             262.00,249.95 247.00,249.00 247.00,249.00
             220.06,248.96 193.15,245.40 167.00,238.87
             153.95,235.62 141.12,232.26 129.00,226.19
             116.01,219.69 101.69,207.86 98.52,193.00
             97.85,189.86 97.97,185.29 98.00,182.00
             98.10,174.08 99.61,167.72 106.02,162.52
             121.82,149.70 142.92,150.15 162.00,147.21
             162.00,147.21 202.00,147.21 202.00,147.21 Z
           M 161.00,156.00
           C 148.39,156.02 124.33,158.86 114.04,166.10
             107.53,170.69 106.85,177.63 107.01,185.00
             107.49,205.75 126.93,215.97 144.00,222.99
             172.82,234.84 204.26,237.99 235.00,240.09
             235.00,240.09 247.00,241.00 247.00,241.00
             247.00,241.00 281.00,241.00 281.00,241.00
             281.00,241.00 299.00,240.00 299.00,240.00
             299.00,240.00 310.00,239.09 310.00,239.09
             328.23,237.84 329.12,237.66 347.00,234.42
             356.33,232.74 374.95,228.16 383.00,223.82
             388.04,221.11 394.12,216.90 397.16,212.00
             403.81,201.29 398.22,185.88 390.47,177.30
             388.27,174.86 381.89,170.04 379.00,168.35
             363.76,159.42 344.36,157.03 327.00,157.00
             327.00,157.00 312.00,156.00 312.00,156.00
             312.00,156.00 295.00,157.00 295.00,157.00
             295.00,157.00 276.00,157.00 276.00,157.00
             276.00,157.00 261.00,156.00 261.00,156.00
             261.00,156.00 217.00,156.00 217.00,156.00
             217.00,156.00 202.00,155.14 202.00,155.14
             202.00,155.14 174.00,155.14 174.00,155.14
             168.18,156.12 166.73,155.99 161.00,156.00 Z" />
</svg>
