<?xml version="1.0" encoding="UTF-8" standalone="no"?>
<!DOCTYPE svg PUBLIC "-//W3C//DTD SVG 20010904//EN"
              "http://www.w3.org/TR/2001/REC-SVG-20010904/DTD/svg10.dtd">

<svg xmlns="http://www.w3.org/2000/svg"
     width="6.94444in" height="5.55556in"
     viewBox="0 0 500 400">
  <path id="U3"
        fill="none" stroke="black" stroke-width="1"
        d="M 97.80,180.20
           C 97.80,180.20 99.00,173.20 99.00,173.20
             99.00,173.20 101.60,166.60 101.60,166.60
             101.60,166.60 107.80,161.40 107.80,161.40
             107.80,161.40 117.40,155.60 117.40,155.60
             117.40,155.60 129.80,151.60 129.80,151.60
             129.80,151.60 145.60,149.40 145.60,149.40
             145.60,149.40 163.60,147.40 163.60,147.40
             163.60,147.40 179.60,147.40 179.60,147.40
             179.60,147.40 198.40,147.20 198.40,147.20
             198.40,147.20 221.00,147.80 221.00,147.80
             221.00,147.80 237.60,147.80 237.60,147.80
             237.60,147.80 266.60,148.60 266.60,148.60
             266.60,148.60 293.60,148.80 293.60,148.80
             293.60,148.80 321.40,148.40 321.40,148.40
             321.40,148.40 335.40,148.80 335.40,148.80
             335.40,148.80 349.00,149.80 349.00,149.80
             349.00,149.80 361.20,152.20 361.20,152.20
             361.20,152.20 373.40,156.00 373.40,156.00
             373.40,156.00 385.20,160.80 385.20,160.80
             385.20,160.80 393.00,167.00 393.00,167.00
             393.00,167.00 399.00,174.20 399.00,174.20
             399.00,174.20 404.60,183.40 404.60,183.40
             404.60,183.40 407.60,192.80 407.60,192.80
             407.60,192.80 408.80,201.00 408.80,201.00
             408.80,201.00 407.80,209.40 407.80,209.40
             407.80,209.40 404.20,217.40 404.20,217.40
             404.20,217.40 397.80,224.40 397.80,224.40
             397.80,224.40 388.80,230.40 388.80,230.40
             388.80,230.40 376.00,236.00 376.00,236.00
             376.00,236.00 363.80,240.00 363.80,240.00
             363.80,240.00 347.40,243.80 347.40,243.80
             347.40,243.80 331.80,245.80 331.80,245.80
             331.80,245.80 313.40,248.20 313.40,248.20
             313.40,248.20 295.00,248.80 295.00,248.80
             295.00,248.80 268.40,249.80 268.40,249.80
             268.40,249.80 238.20,249.00 238.20,249.00
             238.20,249.00 215.20,247.40 215.20,247.40
             215.20,247.40 199.60,245.40 199.60,245.40
             199.60,245.40 184.60,243.00 184.60,243.00
             184.60,243.00 169.40,239.40 169.40,239.40
             169.40,239.40 153.80,235.60 153.80,235.60
             153.80,235.60 139.40,230.60 139.40,230.60
             139.40,230.60 127.00,225.20 127.00,225.20
             127.00,225.20 116.60,218.40 116.60,218.40
             116.60,218.40 107.60,210.00 107.60,210.00
             107.60,210.00 101.40,201.00 101.40,201.00
             101.40,201.00 98.60,193.80 98.60,193.80
             98.60,193.80 97.60,180.20 97.60,180.20M 110.80,168.20
           C 110.80,168.20 120.20,162.60 120.20,162.60
             120.20,162.60 131.80,159.20 131.80,159.20
             131.80,159.20 145.80,157.00 145.80,157.00
             145.80,157.00 165.20,155.60 165.20,155.60
             165.20,155.60 193.20,155.20 193.20,155.20
             193.20,155.20 248.40,156.40 248.40,156.40
             248.40,156.40 289.00,156.60 289.00,156.60
             289.00,156.60 315.20,156.40 315.20,156.40
             315.20,156.40 336.60,157.40 336.60,157.40
             336.60,157.40 352.60,158.80 352.60,158.80
             352.60,158.80 367.80,163.20 367.80,163.20
             367.80,163.20 379.80,168.80 379.80,168.80
             379.80,168.80 390.20,177.00 390.20,177.00
             390.20,177.00 396.00,185.80 396.00,185.80
             396.00,185.80 399.80,194.20 399.80,194.20
             399.80,194.20 400.40,203.00 400.40,203.00
             400.40,203.00 398.00,211.00 398.00,211.00
             398.00,211.00 391.00,218.60 391.00,218.60
             391.00,218.60 381.40,224.60 381.40,224.60
             381.40,224.60 371.00,228.40 371.00,228.40
             371.00,228.40 354.00,233.20 354.00,233.20
             354.00,233.20 331.80,237.40 331.80,237.40
             331.80,237.40 311.40,239.20 311.40,239.20
             311.40,239.20 292.80,240.40 292.80,240.40
             292.80,240.40 268.80,241.20 268.80,241.20
             268.80,241.20 246.80,241.00 246.80,241.00
             246.80,241.00 219.60,239.20 219.60,239.20
             219.60,239.20 200.40,237.20 200.40,237.20
             200.40,237.20 181.00,233.60 181.00,233.60
             181.00,233.60 163.40,229.60 163.40,229.60
             163.40,229.60 148.60,224.80 148.60,224.80
             148.60,224.80 135.20,219.20 135.20,219.20
             135.20,219.20 122.20,211.20 122.20,211.20
             122.20,211.20 112.80,203.00 112.80,203.00
             112.80,203.00 108.00,193.80 108.00,193.80
             108.00,193.80 107.20,187.40 107.20,187.40
             107.20,187.40 107.00,179.00 107.00,179.00
             107.00,179.00 108.20,173.80 108.20,173.80
             108.20,173.80 111.20,168.00 111.20,168.00" />
</svg>
