<?xml version="1.0" encoding="UTF-8" standalone="no"?>
<!DOCTYPE svg PUBLIC "-//W3C//DTD SVG 20010904//EN"
              "http://www.w3.org/TR/2001/REC-SVG-20010904/DTD/svg10.dtd">

<svg xmlns="http://www.w3.org/2000/svg"
     width="6.94444in" height="5.55556in"
     viewBox="0 0 500 400">
  <path id="Selection #6"
        fill="none" stroke="black" stroke-width="6"
        d="M 217.00,151.21
           C 217.00,151.21 234.00,152.00 234.00,152.00
             234.00,152.00 295.00,153.00 295.00,153.00
             295.00,153.00 312.00,152.00 312.00,152.00
             312.00,152.00 327.00,153.00 327.00,153.00
             347.32,153.03 360.33,153.37 379.00,163.32
             393.96,171.30 404.41,185.73 403.99,203.00
             403.89,206.75 403.41,209.65 401.59,213.00
             399.04,217.68 394.36,221.54 390.00,224.48
             378.42,232.30 371.00,233.63 358.00,237.15
             337.81,242.62 336.59,241.90 317.00,244.28
             309.98,245.14 307.51,245.99 300.00,246.00
             300.00,246.00 243.00,246.00 243.00,246.00
             243.00,246.00 231.00,244.96 231.00,244.96
             231.00,244.96 221.00,244.96 221.00,244.96
             196.80,242.53 164.54,236.65 142.00,227.80
             128.18,222.37 116.16,215.60 107.67,203.00
             105.78,200.20 103.78,197.26 102.80,194.00
             101.75,190.51 101.96,184.76 102.00,181.00
             102.12,171.62 104.86,166.49 113.00,161.47
             121.02,156.51 144.42,152.01 154.00,152.00
             154.00,152.00 179.00,151.21 179.00,151.21
             179.00,151.21 217.00,151.21 217.00,151.21 Z" />
</svg>
