<?xml version="1.0" encoding="UTF-8" standalone="no"?>
<!DOCTYPE svg PUBLIC "-//W3C//DTD SVG 20010904//EN"
              "http://www.w3.org/TR/2001/REC-SVG-20010904/DTD/svg10.dtd">

<svg xmlns="http://www.w3.org/2000/svg"
     width="6.94444in" height="5.55556in"
     viewBox="0 0 500 400">
  <path id="Selection #3"
        fill="none" stroke="black" stroke-width="1"
        d="M 211.00,144.21
           C 211.00,144.21 223.00,144.96 223.00,144.96
             223.00,144.96 234.00,144.96 234.00,144.96
             234.00,144.96 247.00,145.99 247.00,145.99
             247.00,145.99 266.00,145.00 266.00,145.00
             266.00,145.00 281.00,146.00 281.00,146.00
             281.00,146.00 331.00,146.00 331.00,146.00
             331.00,146.00 341.00,146.91 341.00,146.91
             355.67,147.92 370.71,149.30 384.00,156.26
             400.19,164.75 413.56,182.25 413.99,201.00
             414.30,214.87 406.82,223.62 396.00,231.41
             390.86,235.11 373.83,244.56 368.00,246.21
             368.00,246.21 341.00,250.08 341.00,250.08
             341.00,250.08 307.00,254.09 307.00,254.09
             307.00,254.09 297.00,255.00 297.00,255.00
             297.00,255.00 268.00,256.00 268.00,256.00
             268.00,256.00 253.00,255.00 253.00,255.00
             238.21,254.98 210.54,252.84 196.00,250.56
             196.00,250.56 177.00,246.42 177.00,246.42
             158.15,242.26 148.67,240.80 131.00,231.74
             107.89,219.90 89.09,204.46 93.75,176.00
             95.09,167.88 97.35,162.95 104.01,157.68
             117.45,147.06 141.49,146.78 158.00,144.21
             158.00,144.21 211.00,144.21 211.00,144.21 Z
           M 181.00,179.33
           C 179.06,177.92 175.79,174.74 173.21,175.45
             169.32,176.52 168.28,184.66 168.00,188.00
             165.52,186.65 161.34,184.25 158.43,185.59
             154.89,187.22 155.74,196.99 157.01,199.96
             159.09,204.85 165.38,207.94 170.00,210.00
             170.00,210.00 178.00,202.00 178.00,202.00
             178.00,202.00 193.09,215.78 193.09,215.78
             196.80,217.53 198.99,214.86 202.00,214.73
             204.46,214.62 206.34,216.13 209.00,216.41
             209.00,216.41 216.00,216.41 216.00,216.41
             221.35,216.77 223.93,220.97 231.00,220.92
             237.66,220.87 240.35,216.79 244.28,217.13
             248.09,217.46 252.92,222.15 264.00,220.71
             275.55,219.21 276.15,215.31 281.00,213.01
             281.00,213.01 293.00,210.13 293.00,210.13
             294.78,209.89 296.13,209.47 298.00,210.13
             300.80,210.55 312.06,220.03 320.78,211.72
             322.37,210.21 322.99,208.86 324.00,207.00
             327.19,208.19 331.11,209.17 333.91,210.99
             337.15,213.09 340.37,217.94 344.87,216.36
             349.55,214.71 348.26,208.48 350.17,205.11
             352.75,200.57 357.51,201.01 362.00,201.00
             362.00,197.43 362.74,189.30 360.26,186.72
             357.80,184.16 351.33,183.75 348.00,182.65
             344.76,181.58 342.81,179.63 339.00,180.32
             335.81,180.90 333.66,183.20 331.00,184.10
             328.13,185.09 325.90,184.25 323.00,184.10
             316.50,183.74 309.71,186.07 304.00,189.00
             304.31,187.68 304.70,186.40 304.71,185.02
             304.76,175.26 293.69,181.42 289.00,182.91
             283.45,184.67 277.19,183.66 271.00,185.96
             265.58,187.99 261.99,192.02 258.00,196.00
             258.00,196.00 258.00,189.00 258.00,189.00
             258.00,189.00 241.00,191.00 241.00,191.00
             241.00,191.00 244.00,187.00 244.00,187.00
             237.41,183.87 233.92,182.95 233.00,175.00
             229.69,175.44 226.35,176.29 223.00,176.05
             216.47,175.58 203.51,170.62 199.02,178.21
             197.52,180.75 198.27,184.20 198.29,187.00
             198.29,187.00 197.00,198.00 197.00,198.00
             191.11,194.98 183.12,194.84 180.00,189.00
             186.89,190.29 187.83,192.97 195.00,191.00
             191.39,182.16 187.91,184.35 181.00,179.33 Z
           M 211.00,178.00
           C 211.00,178.00 211.00,180.00 211.00,180.00
             211.00,180.00 202.00,182.00 202.00,182.00
             205.23,178.60 206.42,178.43 211.00,178.00 Z
           M 177.00,185.00
           C 177.00,185.00 173.00,186.00 173.00,186.00
             173.00,186.00 174.00,181.00 174.00,181.00
             174.00,181.00 177.00,185.00 177.00,185.00 Z
           M 219.00,182.00
           C 219.00,182.00 220.00,183.00 220.00,183.00
             220.00,183.00 220.00,185.00 220.00,185.00
             220.00,185.00 216.00,187.00 216.00,187.00
             216.00,187.00 217.00,182.00 217.00,182.00
             217.00,182.00 219.00,182.00 219.00,182.00 Z
           M 211.00,184.00
           C 211.00,184.00 213.00,190.00 213.00,190.00
             213.00,190.00 209.00,187.00 209.00,187.00
             209.00,187.00 205.00,199.00 205.00,199.00
             205.00,199.00 203.00,199.00 203.00,199.00
             201.47,191.42 203.90,186.90 211.00,184.00 Z
           M 298.00,192.00
           C 293.83,189.04 295.95,186.79 299.00,184.00
             299.00,184.00 298.00,192.00 298.00,192.00 Z
           M 344.00,188.00
           C 344.00,188.00 336.00,187.00 336.00,187.00
             339.98,185.38 340.71,185.09 344.00,188.00 Z
           M 231.00,188.00
           C 228.20,191.81 220.41,196.09 216.00,198.00
             217.56,188.68 222.62,188.08 231.00,188.00 Z
           M 288.00,189.00
           C 286.37,193.73 285.35,194.61 281.00,197.00
             281.00,197.00 277.00,189.00 277.00,189.00
             277.00,189.00 288.00,189.00 288.00,189.00 Z
           M 166.00,201.00
           C 161.24,197.38 160.35,195.93 160.00,190.00
             165.35,193.09 165.70,195.04 166.00,201.00 Z
           M 312.22,191.67
           C 314.63,189.95 319.99,189.18 322.25,191.67
             324.37,193.87 323.65,198.39 318.96,198.76
             317.71,198.86 316.21,198.55 315.00,198.24
             312.91,197.71 310.97,196.86 309.00,196.00
             309.99,194.26 310.52,193.00 312.22,191.67 Z
           M 358.00,196.00
           C 358.00,196.00 352.00,197.00 352.00,197.00
             352.68,192.90 352.93,192.77 356.00,190.00
             356.00,190.00 358.00,196.00 358.00,196.00 Z
           M 277.00,199.00
           C 277.00,199.00 272.00,199.00 272.00,199.00
             272.00,199.00 273.00,192.00 273.00,192.00
             273.00,192.00 277.00,199.00 277.00,199.00 Z
           M 254.00,193.00
           C 254.00,193.00 253.00,197.00 253.00,197.00
             253.00,197.00 249.00,193.00 249.00,193.00
             249.00,193.00 254.00,193.00 254.00,193.00 Z
           M 268.00,202.00
           C 268.00,202.00 277.00,204.00 277.00,204.00
             269.64,205.25 267.95,204.28 261.00,202.00
             261.00,202.00 266.00,195.00 266.00,195.00
             266.00,195.00 268.00,202.00 268.00,202.00 Z
           M 197.00,211.00
           C 190.62,207.27 187.93,204.19 184.00,198.00
             193.96,198.90 196.96,201.12 197.00,211.00 Z
           M 247.00,201.00
           C 247.00,201.00 244.00,198.00 244.00,198.00
             244.00,198.00 247.00,201.00 247.00,201.00 Z
           M 201.00,203.00
           C 201.00,203.00 212.00,199.00 212.00,199.00
             211.11,204.75 205.61,207.47 201.00,203.00 Z
           M 207.00,209.00
           C 207.00,209.00 219.00,201.00 219.00,201.00
             220.67,207.25 213.95,215.83 207.00,209.00 Z
           M 341.00,201.00
           C 338.93,203.81 338.39,203.19 336.00,201.00
             336.00,201.00 341.00,201.00 341.00,201.00 Z
           M 233.77,215.26
           C 226.88,218.37 221.49,209.78 228.23,204.21
             236.94,202.77 238.99,212.90 233.77,215.26 Z
           M 319.00,205.00
           C 314.58,210.45 311.14,211.06 306.00,206.00
             306.00,206.00 319.00,205.00 319.00,205.00 Z
           M 273.00,209.00
           C 273.00,209.00 272.00,215.00 272.00,215.00
             272.00,215.00 259.00,215.75 259.00,215.75
             259.00,215.75 247.00,212.00 247.00,212.00
             252.00,202.91 264.94,207.48 273.00,209.00 Z" />
</svg>
