<?xml version="1.0" encoding="UTF-8" standalone="no"?>
<!DOCTYPE svg PUBLIC "-//W3C//DTD SVG 20010904//EN"
              "http://www.w3.org/TR/2001/REC-SVG-20010904/DTD/svg10.dtd">

<svg xmlns="http://www.w3.org/2000/svg"
     width="6.94444in" height="5.55556in"
     viewBox="0 0 500 400">
  <path id="U1 copy"
        fill="none" stroke="black" stroke-width="1"
        d="M 160.00,144.33
           C 160.00,144.33 179.67,144.00 179.67,144.00
             179.67,144.00 204.00,143.67 204.00,143.67
             204.00,143.67 222.67,144.67 222.67,144.67
             222.67,144.67 244.00,145.67 244.00,145.67
             244.00,145.67 264.33,145.33 264.33,145.33
             264.33,145.33 283.33,145.67 283.33,145.67
             283.33,145.67 306.00,145.67 306.00,145.67
             306.00,145.67 327.67,146.00 327.67,146.00
             327.67,146.00 341.33,146.67 341.33,146.67
             341.33,146.67 356.00,148.00 356.00,148.00
             356.00,148.00 369.67,151.00 369.67,151.00
             369.67,151.00 380.00,154.33 380.00,154.33
             380.00,154.33 388.33,159.00 388.33,159.00
             388.33,159.00 397.00,166.00 397.00,166.00
             397.00,166.00 403.67,172.67 403.67,172.67
             403.67,172.67 409.00,182.33 409.00,182.33
             409.00,182.33 412.67,191.00 412.67,191.00
             412.67,191.00 414.00,199.67 414.00,199.67
             414.00,199.67 413.67,208.67 413.67,208.67
             413.67,208.67 410.00,217.33 410.00,217.33
             410.00,217.33 404.67,224.00 404.67,224.00
             404.67,224.00 396.00,231.33 396.00,231.33
             396.00,231.33 384.33,238.33 384.33,238.33
             384.33,238.33 368.33,246.33 368.33,246.33
             368.33,246.33 352.33,248.33 352.33,248.33
             352.33,248.33 337.00,250.67 337.00,250.67
             337.00,250.67 313.33,254.00 313.33,254.00
             313.33,254.00 278.00,255.67 278.00,255.67
             278.00,255.67 246.67,255.33 246.67,255.33
             246.67,255.33 219.00,253.00 219.00,253.00
             219.00,253.00 194.67,250.33 194.67,250.33
             194.67,250.33 171.00,245.00 171.00,245.00
             171.00,245.00 150.67,240.33 150.67,240.33
             150.67,240.33 134.33,233.33 134.33,233.33
             134.33,233.33 119.33,225.00 119.33,225.00
             119.33,225.00 109.67,218.00 109.67,218.00
             109.67,218.00 101.33,209.00 101.33,209.00
             101.33,209.00 95.00,198.67 95.00,198.67
             95.00,198.67 93.00,187.33 93.00,187.33
             93.00,187.33 93.67,175.67 93.67,175.67
             93.67,175.67 95.67,167.67 95.67,167.67
             95.67,167.67 100.67,160.67 100.67,160.67
             100.67,160.67 108.33,154.67 108.33,154.67
             108.33,154.67 116.00,151.33 116.00,151.33
             116.00,151.33 127.00,148.67 127.00,148.67
             127.00,148.67 138.67,146.67 138.67,146.67
             138.67,146.67 160.33,144.33 160.33,144.33M 132.67,134.67
           C 132.67,134.67 146.50,133.00 146.50,133.00
             146.50,133.00 161.50,131.00 161.50,131.00
             161.50,131.00 178.00,130.50 178.00,130.50
             178.00,130.50 193.50,131.00 193.50,131.00
             193.50,131.00 212.00,131.50 212.00,131.50
             212.00,131.50 241.00,133.00 241.00,133.00
             241.00,133.00 259.50,133.00 259.50,133.00
             259.50,133.00 284.50,133.50 284.50,133.50
             284.50,133.50 311.00,133.00 311.00,133.00
             311.00,133.00 335.50,133.50 335.50,133.50
             335.50,133.50 359.00,136.50 359.00,136.50
             359.00,136.50 373.50,140.00 373.50,140.00
             373.50,140.00 385.50,143.50 385.50,143.50
             385.50,143.50 397.00,149.50 397.00,149.50
             397.00,149.50 406.50,156.50 406.50,156.50
             406.50,156.50 416.00,168.50 416.00,168.50
             416.00,168.50 423.50,184.00 423.50,184.00
             423.50,184.00 427.00,201.00 427.00,201.00
             427.00,201.00 426.00,210.50 426.00,210.50
             426.00,210.50 425.00,218.00 425.00,218.00
             425.00,218.00 421.00,225.50 421.00,225.50
             421.00,225.50 415.00,232.00 415.00,232.00
             415.00,232.00 408.50,238.00 408.50,238.00
             408.50,238.00 400.50,243.50 400.50,243.50
             400.50,243.50 390.50,249.50 390.50,249.50
             390.50,249.50 378.67,252.67 378.67,252.67
             378.67,252.67 359.67,258.33 359.67,258.33
             359.67,258.33 327.67,264.00 327.67,264.00
             327.67,264.00 302.33,266.67 302.33,266.67
             302.33,266.67 289.00,267.33 289.00,267.33
             289.00,267.33 268.67,268.00 268.67,268.00
             268.67,268.00 249.33,268.00 249.33,268.00
             249.33,268.00 233.00,267.33 233.00,267.33
             233.00,267.33 216.67,265.33 216.67,265.33
             216.67,265.33 200.00,263.00 200.00,263.00
             200.00,263.00 183.67,261.00 183.67,261.00
             183.67,261.00 166.33,257.33 166.33,257.33
             166.33,257.33 150.67,253.00 150.67,253.00
             150.67,253.00 134.67,247.00 134.67,247.00
             134.67,247.00 122.67,241.33 122.67,241.33
             122.67,241.33 111.00,234.67 111.00,234.67
             111.00,234.67 101.33,227.00 101.33,227.00
             101.33,227.00 94.00,219.33 94.00,219.33
             94.00,219.33 88.00,211.33 88.00,211.33
             88.00,211.33 83.33,203.00 83.33,203.00
             83.33,203.00 82.00,196.33 82.00,196.33
             82.00,196.33 80.67,188.33 80.67,188.33
             80.67,188.33 81.00,180.00 81.00,180.00
             81.00,180.00 81.00,172.00 81.00,172.00
             81.00,172.00 82.33,165.33 82.33,165.33
             82.33,165.33 85.33,157.67 85.33,157.67
             85.33,157.67 89.67,152.67 89.67,152.67
             89.67,152.67 94.00,148.00 94.00,148.00
             94.00,148.00 100.00,145.00 100.00,145.00
             100.00,145.00 107.00,142.00 107.00,142.00
             107.00,142.00 114.00,139.00 114.00,139.00
             114.00,139.00 120.67,136.67 120.67,136.67
             120.67,136.67 133.33,134.67 133.33,134.67" />
</svg>
